
                             #ME234_2 number 260.

#02-DEC-2014 , 22:39:16 (Geneva time)

   #N AFEB pos. AFEB num. Int.cap.(pF) U(mv)20fc Gain Offset
   1 1 11053 0.206 106 6.8 30.3
   2 2 10610 0.217 90 6.9 47.7
   3 3 10604 0.232 99 7 41.4
   4 4 11040 0.236 98 6.8 38.6
   5 5 10652 0.245 104 6.9 33.5
   6 6 10440 0.254 98 7 41.5
   7 7 10627 0.23 122 6.9 16.2
   8 8 10630 0.223 100 6.9 38.2
   9 9 10622 0.236 97 6.8 39.5
   10 10 10561 0.262 113 6.9 26.1
   11 11 10932 0.222 113 7.3 31.9
   12 12 10468 0.239 112 7.2 32.6
   13 13 10439 0.249 105 7.1 37.9
   14 14 10958 0.255 72 6.6 60.4
   15 15 11026 0.203 104 7 37.2
   16 16 10418 0.243 109 6.7 24.3
   17 17 11006 0.246 99 6.9 39.8
   18 18 10575 0.231 101 7.1 40.9
   19 19 10494 0.249 93 7 46.3
   20 20 10842 0.21 124 7.2 18.5
   21 21 11022 0.213 101 7.1 41.4
   22 22 10473 0.261 89 7.2 55.5
   23 23 10441 0.23 111 7.3 34.7
   24 24 10603 0.25 104 6.9 33.6
