
                               #ME1_2 number 9.

#02-DEC-2014 , 22:14:43 (Geneva time)

   #N AFEB pos. AFEB num. Int.cap.(pF) U(mv)20fc Gain Offset
   1 1 4743 0.235 63 6.3 63
   2 2 4745 0.232 72 6.8 63.6
   3 3 4753 0.245 79 7.1 63.4
   4 4 4796 0.205 89 7.2 54.3
   5 5 4896 0.202 94 7.1 47.2
   6 6 4808 0.243 70 7.3 74.8
   7 7 6784 0.233 76 6.8 59.4
   8 8 5794 0.219 79 7 60.6
   9 9 6492 0.227 70 6.3 56.9
   10 10 5077 0.235 66 6.8 70.3
   11 11 6366 0.211 64 6.8 72.3
   12 12 6636 0.237 58 6.4 70.2
   13 13 5849 0.209 73 6.8 62.6
   14 14 5111 0.228 85 6.4 43.3
   15 15 5107 0.224 57 6.6 74.1
   16 16 6531 0.232 81 6.8 54.9
   17 17 6875 0.241 72 6.9 65.5
   18 18 5817 0.215 76 6.8 59.8
   19 19 6756 0.25 91 7.2 53.6
   20 20 5847 0.235 62 6.3 64.9
   21 21 5853 0.211 82 7.2 60.7
   22 22 5129 0.223 65 6.4 62.6
   23 23 6941 0.233 81 6.8 54.4
   24 24 5808 0.24 79 6.9 58.7
