
                               #ME1_3 number 2.

#02-DEC-2014 , 22:14:52 (Geneva time)

   #N AFEB pos. AFEB num. Int.cap.(pF) U(mv)20fc Gain Offset
   1 1 4791 0.236 77 7.3 68.5
   2 2 4744 0.227 103 7 36.4
   3 3 6777 0.224 65 7.2 79.8
   4 4 4934 0.25 54 6.8 83.1
   5 5 6637 0.265 52 6.8 83.7
   6 6 6638 0.208 102 7.4 45.6
   7 7 4880 0.216 81 7 58.1
   8 8 4807 0.229 65 7.2 78.3
   9 9 4864 0.243 94 7.2 50.9
   10 10 4948 0.213 76 6.3 50.6
   11 11 9691 0.211 84 7.1 58.1
   12 12 6753 0.229 72 6.9 65.9
