
                               #ME1_2 number 60.

#02-DEC-2014 , 22:14:50 (Geneva time)

   #N AFEB pos. AFEB num. Int.cap.(pF) U(mv)20fc Gain Offset
   1 1 9143 0.243 112 6.6 20.8
   2 2 7893 0.252 60 6 59.7
   3 3 9129 0.25 72 7.2 72.1
   4 4 9142 0.239 77 7.1 64.9
   5 5 9252 0.225 85 6.6 47
   6 6 5289 0.201 76 7.2 68.2
   7 7 8736 0.244 77 6.7 57.2
   8 8 7572 0.254 61 6.6 70.2
   9 9 7394 0.251 57 6.6 76
   10 10 7522 0.216 69 7 70.6
   11 11 8999 0.226 71 6.9 66.3
   12 12 3880 0.237 66 7 73.5
   13 13 7580 0.215 76 6.3 50.7
   14 14 7593 0.241 71 7.1 70.5
   15 15 8985 0.243 74 6.8 62.1
   16 16 8975 0.243 98 6.8 38.4
   17 17 8912 0.25 69 6.6 64.2
   18 18 7578 0.236 70 6.6 62.2
   19 19 7610 0.249 84 6.8 52.8
   20 20 7392 0.236 75 6.5 55.4
   21 21 7484 0.224 92 7.1 49.6
   22 22 7616 0.238 92 6.6 39.4
   23 23 8753 0.249 82 7.6 70.1
   24 24 7553 0.237 90 6.8 46.8
