
                              #ME234_2 number 51.

#02-DEC-2014 , 22:15:16 (Geneva time)

   #N AFEB pos. AFEB num. Int.cap.(pF) U(mv)20fc Gain Offset
   1 1 342 0.283 86 6.4 42.2
   2 2 238 0.243 117 6.9 21.7
   3 3 985 0.253 101 7 38.9
   4 4 193 0.231 112 7.1 30.4
   5 5 1658 0.241 129 6.8 7.3
   6 6 1229 0.203 100 7 40.5
   7 7 222 0.243 125 7 15.2
   8 8 1395 0.236 101 6.8 34.9
   9 9 637 0.242 103 7 35.9
   10 10 744 0.241 111 7.1 29.7
   11 11 995 0.236 157 7.3 -12.3
   12 12 45 0.236 120 6.5 9.8
   13 13 980 0.252 97 7.3 47.9
   14 14 1405 0.245 92 6.8 44.9
   15 15 1698 0.234 110 7.3 37.3
   16 16 772 0.282 103 6.5 28.2
   17 17 1367 0.245 98 7 40.9
   18 18 991 0.239 122 7.1 19.6
   19 19 124 0.271 114 6.5 15.5
   20 20 4 0.233 113 6.8 23.3
   21 21 955 0.282 94 7 45.5
   22 22 781 0.281 96 6.8 40.6
   23 23 162 0.239 123 6.9 15.4
   24 24 1305 0.24 91 6.4 36.1
