
                               #ME2_1 number 6.

#02-DEC-2014 , 22:15:01 (Geneva time)

   #N AFEB pos. AFEB num. Int.cap.(pF) U(mv)20fc Gain Offset
   1 1 9400 0.248 98 6.4 30.8
   2 2 9382 0.24 80 6.8 57
   3 3 9437 0.247 94 6.6 37
   4 4 9617 0.233 64 6.7 71
   5 5 9498 0.229 70 7.3 76
   6 6 9406 0.254 69 6.1 53.7
   7 7 9362 0.264 66 6.6 65.5
   8 8 9244 0.246 58 6.7 74.6
   9 9 9427 0.246 80 7.1 61.5
   10 10 9449 0.241 59 6.6 73.5
   11 11 9277 0.236 103 7.1 38.3
   12 12 9370 0.233 44 6.3 82.3
   13 13 9310 0.259 67 6.2 56.8
   14 14 9358 0.236 51 7.1 90.2
   15 15 9341 0.273 88 7.1 54.6
   16 16 8027 0.255 87 6.7 47.4
   17 17 9616 0.297 81 6.7 54
   18 18 9628 0.247 68 6.7 66.1
   19 19 9376 0.235 98 7.3 49
   20 20 9245 0.249 77 6.8 59.4
   21 21 9488 0.224 94 7.3 51.5
   22 22 9629 0.246 67 6.8 69.2
   23 23 9603 0.235 92 7 48.5
   24 24 9612 0.243 72 6.5 57.8
   25 25 9422 0.231 75 6.9 63.4
   26 26 9471 0.243 93 6.8 42.4
   27 27 9359 0.293 76 6.5 54.2
   28 28 8018 0.227 88 6.7 45.6
   29 29 7981 0.22 80 7 59.7
   30 30 7968 0.252 82 6.9 56.5
   31 31 7970 0.247 45 6.5 84.6
   32 32 9373 0.28 79 7.3 67.2
   33 33 8149 0.233 54 7.1 88.4
   34 34 9274 0.23 79 6.9 59.4
   35 35 9317 0.238 72 7 67.9
   36 36 9272 0.245 70 7.5 80.5
   37 37 9366 0.282 88 7.1 53.3
   38 38 9230 0.241 79 6.4 49.2
   39 39 9462 0.261 90 6.9 47.9
   40 40 4124 0.21 67 7.1 74.7
   41 41 9412 0.231 76 6.6 56
   42 42 9492 0.246 76 7.3 69.7
