
                             #ME234_2 number 132.

#02-DEC-2014 , 22:15:28 (Geneva time)

   #N AFEB pos. AFEB num. Int.cap.(pF) U(mv)20fc Gain Offset
   1 1 7149 0.235 101 6.5 29.5
   2 2 7173 0.215 73 6.9 64.8
   3 3 7167 0.242 90 7.2 54.7
   4 4 7110 0.204 87 7 51.8
   5 5 7051 0.228 65 7 75.6
   6 6 6960 0.242 73 7.4 75.2
   7 7 8348 0.244 88 7.3 57.3
   8 8 8320 0.238 75 6.2 49
   9 9 7060 0.262 116 7 24.6
   10 10 8550 0.254 111 6.1 11.7
   11 11 8524 0.248 73 7.2 70.7
   12 12 8490 0.246 91 6.5 38.4
   13 13 7899 0.233 71 7.2 72.5
   14 14 4904 0.21 81 7.1 60.4
   15 15 7101 0.235 78 6.9 59.5
   16 16 6959 0.238 57 7.2 86.7
   17 17 7079 0.242 125 6.9 13.6
   18 18 6992 0.237 50 7.3 95
   19 19 7030 0.252 74 6.6 58.9
   20 20 6995 0.206 87 7.2 57.7
   21 21 7061 0.236 54 6.8 80.6
   22 22 5678 0.24 120 6.5 9.5
   23 23 6953 0.201 100 7 40.4
   24 24 7026 0.203 79 7.4 68.9
