
                             #ME234_2 number 103.

#02-DEC-2014 , 22:15:23 (Geneva time)

   #N AFEB pos. AFEB num. Int.cap.(pF) U(mv)20fc Gain Offset
   1 1 4594 0.238 77 7.3 69.3
   2 2 3026 0.207 75 7 65.2
   3 3 1634 0.261 109 6.8 26.3
   4 4 3335 0.219 76 6.9 62.9
   5 5 1409 0.216 66 6.5 63.2
   6 6 3406 0.23 59 6.9 78.5
   7 7 3552 0.236 85 7 54.3
   8 8 1288 0.225 84 7 54.8
   9 9 3656 0.229 74 6.9 64.1
   10 10 1270 0.234 96 7.3 51.1
   11 11 2975 0.247 94 7.3 52.5
   12 12 3345 0.218 64 6.4 64.7
   13 13 4565 0.239 67 7 72.6
   14 14 1415 0.231 73 6.3 53.2
   15 15 1291 0.224 50 6.1 71.2
   16 16 813 0.295 79 6.8 56
   17 17 3173 0.223 77 6.9 61.2
   18 18 3659 0.234 88 6.9 50.8
   19 19 7117 0.248 93 6.4 34.9
   20 20 5410 0.241 87 6.9 50.2
   21 21 5299 0.244 79 7.3 65.8
   22 22 5355 0.217 82 6.8 54.3
   23 23 5314 0.219 78 6.4 49.5
   24 24 5347 0.24 80 7.3 66
