
                             #ME234_2 number 121.

#02-DEC-2014 , 22:15:26 (Geneva time)

   #N AFEB pos. AFEB num. Int.cap.(pF) U(mv)20fc Gain Offset
   1 1 11556 0.264 101 6.9 37.5
   2 2 10047 0.218 108 7 32.4
   3 3 11388 0.22 101 7.1 41.4
   4 4 11386 0.241 102 6.9 36.4
   5 5 11677 0.205 98 7.1 43.7
   6 6 11579 0.222 124 6.9 13.8
   7 7 11728 0.248 109 6.7 24.2
   8 8 11095 0.217 94 7.3 51
   9 9 11685 0.232 102 7.1 38.9
   10 10 10018 0.219 103 6.9 34.6
   11 11 10011 0.243 111 7.1 31.7
   12 12 10053 0.22 111 6.9 26.3
   13 13 11436 0.24 103 6.8 33.7
   14 14 11590 0.254 99 6.7 34.2
   15 15 10106 0.219 104 6.8 31.4
   16 16 11718 0.24 118 6.9 19.2
   17 17 11547 0.221 96 6.9 41.8
   18 18 11595 0.229 94 6.8 43
   19 19 11628 0.244 110 7.1 30.5
   20 20 11583 0.265 98 6.9 39.8
   21 21 11560 0.251 112 6.8 24
   22 22 11180 0.244 96 7.3 50
   23 23 11727 0.245 104 6.8 32
   24 24 11680 0.217 97 7 42.4
