
                               #ME1_2 number 54.

#02-DEC-2014 , 22:14:49 (Geneva time)

   #N AFEB pos. AFEB num. Int.cap.(pF) U(mv)20fc Gain Offset
   1 1 6053 0.214 68 7 71.5
   2 2 6092 0.236 91 6.9 46.9
   3 3 6059 0.262 91 7.1 50.1
   4 4 9304 0.242 58 6.9 80.3
   5 5 9336 0.275 75 7.1 67.5
   6 6 9108 0.229 86 7 53.6
   7 7 3537 0.242 62 6.2 62
   8 8 3005 0.219 140 7 -.9
   9 9 4528 0.238 48 6.5 82.6
   10 10 4016 0.241 53 6.9 85.1
   11 11 883 0.238 93 7 47.4
   12 12 897 0.297 74 6.7 59.4
   13 13 1055 0.237 88 6.9 51.2
   Error in data !!!
   14 13 2999 0.229 76 6.8 60.4
   Error in data !!!
   15 14 875 0.238 54 6.9 83.6
   Error in data !!!
   16 15 843 0.255 82 6.9 55.6
   Error in data !!!
   17 16 2124 0.218 90 6.8 46.5
   Error in data !!!
   18 17 877 0.244 82 6.8 54.6
   Error in data !!!
   19 18 3628 0.203 92 7.2 51.1
   Error in data !!!
   20 19 3532 0.228 60 7 80.7
   Error in data !!!
   21 20 999 0.242 159 7 -18.9
   Error in data !!!
   22 21 3118 0.232 72 6.9 66.6
   Error in data !!!
   23 22 3155 0.232 46 6.2 79.5
   Error in data !!!
   24 23 717 0.246 110 6.7 24
   Error in data !!!
   25 24 129 0.281 109 6.5 20.7
