
                              #ME234_2 number 62.

#02-DEC-2014 , 22:15:17 (Geneva time)

   #N AFEB pos. AFEB num. Int.cap.(pF) U(mv)20fc Gain Offset
   1 1 5975 0.215 75 6.9 63.4
   2 2 5995 0.224 48 7.1 94.7
   3 3 6051 0.247 83 6.9 54.9
   4 4 5968 0.245 75 6.4 51.8
   5 5 5167 0.243 49 6.5 80
   6 6 5223 0.239 78 6.7 57.1
   7 7 5255 0.228 85 6.9 53.2
   8 8 5951 0.245 62 6.6 69.2
   9 9 4991 0.233 63 7.1 78
   10 10 6071 0.239 64 7 76
   11 11 5247 0.23 84 7.5 65.4
   12 12 5962 0.221 114 6.8 22.8
   13 13 5854 0.23 75 7.1 66.3
   14 14 6081 0.232 100 6.8 36.8
   15 15 6017 0.23 78 7.3 67.4
   16 16 5992 0.218 79 7.3 66.7
   17 17 5165 0.245 95 6.8 40.7
   18 18 5981 0.238 89 7.1 53.2
   19 19 5826 0.227 101 6.9 37.1
   20 20 5893 0.211 91 7.2 53.3
   21 21 6032 0.218 59 6.8 77.8
   22 22 5191 0.244 63 7 76.4
   23 23 5979 0.238 62 7.1 78.9
   24 24 5319 0.228 86 6.7 48.2
