
                              #ME234_2 number 61.

#02-DEC-2014 , 22:15:17 (Geneva time)

   #N AFEB pos. AFEB num. Int.cap.(pF) U(mv)20fc Gain Offset
   1 1 5286 0.213 84 6.9 54.2
   2 2 5262 0.216 55 6.9 82.5
   3 3 5880 0.237 82 7.1 60.6
   4 4 5343 0.21 80 7 59.5
   5 5 5295 0.239 80 6.8 56.1
   6 6 5881 0.243 90 6.5 39.9
   7 7 5912 0.258 61 6.8 75.2
   8 8 5057 0.222 94 6.4 33.1
   9 9 6047 0.226 85 6.9 52.8
   10 10 4830 0.245 59 6.9 77.9
   11 11 4938 0.237 77 7.1 64.9
   12 12 5909 0.218 40 6.4 87.2
   13 13 5374 0.218 100 7 39.1
   14 14 5848 0.239 51 7 88.9
   15 15 5284 0.22 74 6.9 63.7
   16 16 5176 0.231 97 6.8 38.3
   17 17 5250 0.251 88 7.1 53.4
   18 18 4844 0.233 73 7.1 68.5
   19 19 5836 0.237 68 6.7 65.8
   20 20 5985 0.239 98 6.8 38.7
   21 21 5052 0.246 74 6.7 58.7
   22 22 6026 0.244 64 7 75
   23 23 6070 0.241 85 7 55.8
   24 24 6007 0.237 56 6.7 78.9
