
                               #ME3_1 number 30.

#02-DEC-2014 , 22:15:35 (Geneva time)

   #N AFEB pos. AFEB num. Int.cap.(pF) U(mv)20fc Gain Offset
   1 1 8675 0.238 72 7.1 68.5
   2 2 7843 0.246 89 6.7 45.4
   3 3 8935 0.25 77 7.3 69.1
   4 4 8657 0.235 84 6.7 50.4
   5 5 8523 0.262 76 6.6 54.7
   6 6 3861 0.249 68 6.8 67.8
   7 7 7292 0.238 86 7.2 56.7
   8 8 8598 0.237 83 7.1 58
   9 9 7886 0.247 91 7.2 53.1
   10 10 8931 0.233 75 6.7 59.5
   11 11 7807 0.246 99 6.8 37.4
   12 12 8945 0.221 70 6.5 59.3
   13 13 8787 0.221 87 7.4 61.9
   14 14 8998 0.221 83 7.1 59.9
   15 15 8580 0.242 74 6.8 61.4
   16 16 8529 0.257 83 6.8 53.9
   17 17 7856 0.278 92 6.8 43.2
   18 18 7789 0.217 89 7.1 53.1
   19 19 8641 0.245 55 6.6 76.3
   20 20 8677 0.24 89 6.7 43.6
   21 21 7414 0.233 65 7 75.1
   22 22 7194 0.243 56 6.5 74.6
   23 23 7866 0.253 64 6.7 70.1
   24 24 4377 0.256 91 6.6 40.9
   25 25 9137 0.226 73 6.9 63.8
   26 26 9107 0.209 76 7 64.1
   27 27 4069 0.251 77 7.8 77.5
   28 28 9023 0.249 88 6.8 48.3
   29 29 9178 0.228 85 6.8 50.7
   30 30 4155 0.233 70 7 69
   31 31 4148 0.234 95 7.3 50.2
   32 32 9027 0.239 82 7 56.8
   33 33 9059 0.224 70 7.5 79.2
   34 34 9209 0.247 78 6.6 53.6
   35 35 9075 0.219 51 6.3 74.7
   36 36 9105 0.23 73 6.6 59.2
