
                             #ME234_2 number 210.

#02-DEC-2014 , 22:39:16 (Geneva time)

   #N AFEB pos. AFEB num. Int.cap.(pF) U(mv)20fc Gain Offset
   1 1 4371 0.233 77 7 63.4
   2 2 9237 0.255 82 6.6 49.4
   3 3 9031 0.244 84 6.9 54.7
   4 4 9101 0.245 79 7.2 63.7
   5 5 9066 0.285 70 7.1 71.2
   6 6 9164 0.246 90 6.8 46.4
   7 7 9187 0.25 91 7 48.7
   8 8 9134 0.225 92 6.9 46.1
   9 9 4211 0.248 76 6.8 59.9
   10 10 4149 0.252 80 7.3 66.2
   11 11 9177 0.235 74 6.9 64.2
   12 12 9117 0.254 52 6.8 84.6
   13 13 9681 0.242 89 6 30.9
   14 14 9141 0.238 89 6.7 45.1
   15 15 9226 0.232 80 6.5 49.8
   16 16 4374 0.298 79 6.4 50.2
   17 17 9123 0.224 61 6.3 65.1
   18 18 4173 0.248 92 6.7 41.6
   19 19 3848 0.243 83 7.1 58.9
   20 20 9173 0.206 66 7.1 76.1
   21 21 4165 0.254 77 7.3 68.5
   22 22 9068 0.219 100 7.2 44.6
   23 23 4077 0.235 108 7.3 38
   24 24 10985 0.223 97 7.3 48.6
