
                              #ME234_2 number 11.

#02-DEC-2014 , 22:15:10 (Geneva time)

   #N AFEB pos. AFEB num. Int.cap.(pF) U(mv)20fc Gain Offset
   1 1 3885 0.222 74 6.9 63.5
   2 2 876 0.266 86 7.1 56.1
   3 3 723 0.257 95 7 45.4
   4 4 1535 0.234 88 7.1 54.1
   5 5 4097 0.251 80 6.7 54.7
   6 6 188 0.259 117 6.8 19
   7 7 643 0.235 84 7 56.5
   8 8 1509 0.233 102 7 37.8
   9 9 1134 0.255 68 6.5 62.7
   10 10 3544 0.226 73 6.5 57.3
   11 11 2996 0.239 75 6.9 62.3
   12 12 288 0.286 80 6.6 53
   13 13 977 0.245 107 6.9 31.6
   14 14 3503 0.202 72 7.1 71.1
   15 15 1023 0.282 140 6.4 -12.5
   16 16 952 0.281 132 6.7 1.6
   17 17 914 0.244 117 7.2 27.2
   18 18 729 0.272 114 6.8 21.2
   19 19 3596 0.243 95 6.8 39.7
   20 20 1089 0.226 79 7 60.4
   21 21 183 0.24 127 6.9 11.9
   22 22 657 0.232 113 7.3 32.9
   23 23 2866 0.237 87 7.1 54.2
   24 24 107 0.23 111 6.8 25.6
