
                               #ME1_3 number 67.

#02-DEC-2014 , 22:14:59 (Geneva time)

   #N AFEB pos. AFEB num. Int.cap.(pF) U(mv)20fc Gain Offset
   1 1 9717 0.228 83 7.2 60.1
   2 2 9739 0.233 76 7.3 68.7
   3 3 9762 0.228 88 6.8 48
   4 4 9873 0.231 62 7.4 85.4
   5 5 9817 0.24 69 6.8 67.9
   6 6 9887 0.243 86 6.8 50.7
   7 7 9833 0.245 86 6.8 50.3
   8 8 9902 0.245 91 6.9 46.9
   9 9 9684 0.243 91 6.3 35.9
   10 10 9720 0.242 84 7 55.9
   11 11 9866 0.234 56 6.8 80.8
   12 12 9742 0.255 87 7 53.7
