
                              #ME234_2 number 92.

#02-DEC-2014 , 22:15:22 (Geneva time)

   #N AFEB pos. AFEB num. Int.cap.(pF) U(mv)20fc Gain Offset
   1 1 5331 0.268 79 7.2 63.7
   2 2 5359 0.239 74 7 66.4
   3 3 5254 0.212 68 6.7 66.1
   4 4 5383 0.203 88 7 53.3
   5 5 7136 0.232 78 7.2 65.3
   6 6 5382 0.237 81 6.8 54.4
   7 7 5301 0.268 103 7.4 43.9
   8 8 5307 0.231 62 7.2 81.2
   9 9 7156 0.244 91 6.9 47.4
   10 10 5351 0.23 93 7.2 51
   11 11 5381 0.258 73 6.8 64.4
   12 12 5400 0.24 93 6.9 44.6
   13 13 5333 0.227 83 7.3 63.4
   14 14 5313 0.232 91 6.9 46.5
   15 15 7172 0.207 75 7.2 68.4
   16 16 5334 0.24 69 7.1 71.9
   17 17 7047 0.24 74 7 65
   18 18 5298 0.232 87 7.1 55.3
   19 19 5399 0.216 57 7.1 84.7
   20 20 5335 0.246 68 6.9 69.3
   21 21 5272 0.208 85 7.1 56.4
   22 22 5273 0.218 92 7.3 54.1
   23 23 5366 0.227 58 6.5 72.5
   24 24 5267 0.254 71 7.1 69.8
