
                             #ME234_2 number 224.

#02-DEC-2014 , 22:39:17 (Geneva time)

   #N AFEB pos. AFEB num. Int.cap.(pF) U(mv)20fc Gain Offset
   1 1 10107 0.233 117 6.8 18.7
   2 2 10099 0.245 122 6.6 10
   3 3 10289 0.228 99 6.9 39.3
   4 4 10121 0.253 110 6.9 28.8
   5 5 10007 0.231 118 6.8 18.5
   6 6 11382 0.241 85 7.2 59.5
   7 7 10239 0.231 87 6.9 51.6
   8 8 23 0.301 108 6.4 20.6
   9 9 10063 0.217 93 7.2 50.6
   10 10 10078 0.244 109 7 31.6
   11 11 10032 0.216 99 7 41.5
   12 12 11259 0.234 88 7.2 56.4
   13 13 11373 0.266 95 7.1 46.7
   14 14 10094 0.217 103 7 36.4
   15 15 10102 0.228 118 7.4 30
   16 16 10006 0.239 103 6.9 35.5
   17 17 11446 0.269 100 7 39.3
   18 18 10010 0.279 113 6.8 21.5
   19 19 10244 0.226 106 6.8 30.1
   20 20 10286 0.229 91 6.9 47.6
   21 21 10060 0.225 112 7.3 34.7
   22 22 10166 0.264 103 6.8 31.7
   23 23 10055 0.216 95 7 44.7
   24 24 10084 0.221 109 7.2 34.7
