
                               #ME3_1 number 4.

#02-DEC-2014 , 22:15:31 (Geneva time)

   #N AFEB pos. AFEB num. Int.cap.(pF) U(mv)20fc Gain Offset
   1 1 838 0.231 131 6.9 6.4
   2 2 1080 0.225 89 6.8 47.7
   3 3 4131 0.213 113 6.7 20.2
   4 4 2762 0.225 85 6.9 52.9
   5 5 4823 0.212 121 7.2 24.4
   6 6 9170 0.224 64 7.2 80.9
   7 7 9538 0.232 106 5.9 11.9
   8 8 1283 0.215 91 7.3 54.9
   9 9 8037 0.223 101 7.1 40.9
   10 10 2350 0.199 104 7.1 37.7
   11 11 9837 0.231 91 6.8 45.5
   12 12 9098 0.242 99 7.1 43.3
   13 13 9930 0.294 105 6.9 33.7
   14 14 5654 0.242 97 6.8 38.9
   15 15 11424 0.236 94 6.1 27.4
   16 16 2372 0.213 68 6.8 67.5
   17 17 4158 0.248 83 6.5 46.2
   18 18 11794 0.261 87 6.3 39.9
   19 19 6993 0.254 98 6 21.5
   20 20 3794 0.213 99 7 40.4
   21 21 9225 0.275 87 6.8 48.5
   22 22 6879 0.251 90 6.7 44.3
   23 23 8289 0.242 85 6.8 52.2
   24 24 1527 0.218 100 7.1 42
   25 25 7385 0.224 90 7 49.9
   26 26 9100 0.219 111 6.4 16.5
   27 27 9039 0.242 100 6.8 36.8
   28 28 5467 0.214 98 6.7 35.5
   29 29 5622 0.208 88 7.1 53.9
   30 30 5749 0.216 95 7.2 50
   31 31 1416 0.216 87 6.7 46.2
   32 32 3450 0.215 125 6.8 12.2
   33 33 4352 0.243 86 6.9 52
   34 34 3918 0.249 93 6.8 43.5
   35 35 8372 0.25 111 7.5 39.6
   36 36 9895 0.238 88 6.6 43.5
