
                               #ME1_3 number 53.

#02-DEC-2014 , 22:14:58 (Geneva time)

   #N AFEB pos. AFEB num. Int.cap.(pF) U(mv)20fc Gain Offset
   1 1 6439 0.255 45 7.2 98.6
   2 2 6450 0.24 84 7.3 61.8
   3 3 6476 0.238 79 6.8 56.5
   4 4 6761 0.214 88 6.9 50.1
   5 5 6438 0.251 78 6.6 55.2
   6 6 6478 0.231 61 7.1 81.6
   7 7 6449 0.297 69 6.2 55.3
   8 8 4922 0.223 71 7.1 71.9
   9 9 6718 0.242 93 6.9 45.7
   10 10 6458 0.244 90 6.9 48.5
   11 11 6502 0.232 88 6.3 38.9
   12 12 6735 0.229 81 7.4 66.2
