
                              #ME234_2 number 9.

#02-DEC-2014 , 22:15:10 (Geneva time)

   #N AFEB pos. AFEB num. Int.cap.(pF) U(mv)20fc Gain Offset
   1 1 2468 0.249 104 6.8 32
   2 2 1221 0.218 71 6.8 66.3
   3 3 241 0.291 70 6.5 60.4
   4 4 2472 0.261 64 6.5 66
   5 5 747 0.263 76 7 64.7
   6 6 3423 0.235 115 6.7 19.3
   7 7 2290 0.298 100 6.9 37.6
   8 8 2313 0.218 93 7.1 48
   9 9 808 0.234 139 6.7 -4.7
   10 10 2299 0.276 87 7.6 64.8
   11 11 1171 0.248 85 6.8 51.7
   12 12 632 0.233 103 6.8 33.6
   13 13 2419 0.233 110 7.1 30.9
   14 14 4543 0.225 69 7.2 75.1
   15 15 2513 0.218 89 7.7 64.5
   16 16 686 0.25 119 7.1 23.3
   17 17 1231 0.243 78 6.9 60.1
   18 18 2335 0.23 81 7.1 60.2
   19 19 471 0.28 91 6.6 40.9
   20 20 1655 0.224 91 6.3 35.6
   21 21 670 0.251 80 7.2 62.7
   22 22 418 0.255 96 6.9 42.5
   23 23 98 0.229 119 6.8 16
   24 24 769 0.236 93 6.7 41.7
