
                               #ME1_3 number 43.

#02-DEC-2014 , 22:14:57 (Geneva time)

   #N AFEB pos. AFEB num. Int.cap.(pF) U(mv)20fc Gain Offset
   1 1 8453 0.232 60 6.9 78.9
   2 2 8282 0.236 79 7 60.6
   3 3 8331 0.232 73 6.5 57.9
   4 4 8530 0.249 90 6.8 46.7
   5 5 6281 0.236 63 6.4 66.3
   6 6 6222 0.246 78 6.8 58.4
   7 7 9048 0.229 79 6.3 46.6
   8 8 8312 0.23 83 6.8 53.3
   9 9 8172 0.232 81 6.7 52.7
   10 10 8346 0.242 85 7.6 66.7
   11 11 8295 0.234 66 6.8 70.2
   12 12 8311 0.227 82 6.7 53
