
                             #ME234_2 number 205.

#02-DEC-2014 , 22:39:12 (Geneva time)

   #N AFEB pos. AFEB num. Int.cap.(pF) U(mv)20fc Gain Offset
   1 1 8142 0.245 83 6.7 51.3
   2 2 8181 0.233 90 6.8 45.6
   3 3 8808 0.226 96 6.7 38.6
   4 4 8871 0.231 77 6.9 60.1
   5 5 8187 0.228 82 7 58.9
   6 6 8237 0.219 68 7 72.2
   7 7 8302 0.252 49 6.2 76
   8 8 9080 0.219 95 6.5 34.6
   9 9 8691 0.242 54 7 86.2
   10 10 8721 0.216 85 6.9 53.6
   11 11 8165 0.255 89 7.3 57
   12 12 10646 0.224 105 7.2 38.7
   13 13 8773 0.24 73 6.1 49.4
   14 14 8252 0.252 78 6.4 50.6
   15 15 8223 0.22 76 6.8 60.8
   16 16 10576 0.262 119 7 22
   17 17 10847 0.24 106 6.7 27.6
   18 18 8702 0.255 85 6.8 51
   19 19 8224 0.213 77 7.4 69.9
   20 20 8234 0.233 85 6.8 50.1
   21 21 8273 0.234 80 7 59.7
   22 22 8078 0.232 80 7.1 61.1
   23 23 8723 0.221 68 7 73
   24 24 8894 0.223 67 7 73
