
                               #ME3_1 number 17.

#02-DEC-2014 , 22:15:33 (Geneva time)

   #N AFEB pos. AFEB num. Int.cap.(pF) U(mv)20fc Gain Offset
   1 1 1247 0.242 83 7.6 68.3
   2 2 3663 0.233 84 6.8 52.9
   3 3 2854 0.234 93 7.1 49.3
   4 4 700 0.234 129 7.2 15.5
   5 5 2488 0.227 79 6.9 60.4
   6 6 1257 0.226 102 7 37.9
   7 7 3008 0.246 89 7.4 58.8
   8 8 1177 0.24 77 6.9 61.6
   9 9 1394 0.22 101 7.1 40.4
   10 10 936 0.284 68 7.1 74.1
   11 11 2397 0.204 84 7 55.3
   12 12 1681 0.234 108 6.9 30
   13 13 2878 0.231 89 7 50.9
   14 14 3344 0.214 68 6.9 71
   15 15 1164 0.23 75 7 64.5
   16 16 1314 0.233 70 7 70.9
   17 17 2291 0.291 83 6.8 52.6
   18 18 1130 0.25 81 6.9 57
   19 19 1656 0.246 86 7 53.2
   20 20 1647 0.247 76 6.1 45.7
   21 21 2356 0.216 68 7.2 75.4
   22 22 2416 0.218 77 7.2 66.7
   23 23 2300 0.213 80 6.9 57.8
   24 24 2422 0.217 102 7.2 42.4
   25 25 2449 0.232 101 6.9 36.5
   26 26 1200 0.249 98 6.3 27.6
   27 27 2612 0.229 84 6.9 54.7
   28 28 1222 0.236 54 6.8 81.7
   29 29 2383 0.218 61 6.4 66.2
   30 30 2598 0.231 102 6.7 32
   31 31 2794 0.244 87 6.8 48.2
   32 32 2332 0.222 87 7 52.6
   33 33 2802 0.279 88 6.7 46.5
   34 34 1144 0.246 121 6.8 15.2
   35 35 1227 0.231 56 6.8 79.5
   36 36 2336 0.263 92 7.2 52.1
