
                               #ME3_1 number 38.

#02-DEC-2014 , 22:15:37 (Geneva time)

   #N AFEB pos. AFEB num. Int.cap.(pF) U(mv)20fc Gain Offset
   1 1 7825 0.26 112 6.5 18.7
   2 2 7808 0.236 108 7 31.4
   3 3 7816 0.25 90 6.9 48.1
   4 4 7362 0.226 76 6.5 54
   5 5 7203 0.287 75 6.9 63.1
   6 6 8664 0.247 83 7.1 58.5
   7 7 7837 0.252 63 6.5 67.6
   8 8 8938 0.238 90 6.5 40.5
   9 9 7868 0.227 83 6.8 52
   10 10 7809 0.252 70 7 69.5
   11 11 7802 0.249 99 7 40.7
   12 12 8704 0.218 93 7.6 58.8
   13 13 7311 0.245 84 6.8 52.7
   14 14 8679 0.233 108 6.7 26.8
   15 15 8492 0.225 54 6.5 76.8
   16 16 8960 0.22 89 6.7 44.5
   17 17 7320 0.23 71 7.2 73
   18 18 7811 0.243 83 6.7 51.8
   19 19 7844 0.243 87 7.2 56.1
   20 20 8654 0.248 62 7.2 82.3
   21 21 8916 0.245 111 6.9 27.8
   22 22 7818 0.236 86 6.9 51.6
   23 23 8497 0.249 80 7.1 61.7
   24 24 8511 0.213 102 7.5 47.5
   25 25 8631 0.248 80 6.9 58.6
   26 26 7840 0.24 73 6.2 50.2
   27 27 8617 0.238 61 7.3 85.8
   28 28 7873 0.219 77 6.4 50.8
   29 29 7838 0.257 69 6.3 56.4
   30 30 8786 0.225 79 7.2 64.4
   31 31 8961 0.224 68 7.6 83.3
   32 32 8943 0.224 96 7.4 51.1
   33 33 8627 0.28 70 6.9 67.3
   34 34 7812 0.219 65 6.5 64.2
   35 35 8777 0.258 84 6.6 47.2
   36 36 7803 0.234 100 6.6 31.3
