
                               #ME1_3 number 3.

#02-DEC-2014 , 22:14:53 (Geneva time)

   #N AFEB pos. AFEB num. Int.cap.(pF) U(mv)20fc Gain Offset
   1 1 4878 0.245 75 6.8 61.5
   2 2 5032 0.238 71 6.5 59
   3 3 4900 0.241 59 6.9 78.8
   4 4 4824 0.221 69 6.7 64.7
   5 5 4915 0.219 93 7.2 50.5
   6 6 4746 0.233 89 6.9 48.2
   7 7 4965 0.256 56 6.8 80.2
   8 8 6643 0.22 87 6.8 49
   9 9 4773 0.223 81 7.1 60.8
   10 10 6778 0.231 96 6.8 41.2
   11 11 6662 0.249 67 6.7 67.7
   12 12 6732 0.235 92 7.3 53.5
