
                              #ME234_2 number 79.

#02-DEC-2014 , 22:15:20 (Geneva time)

   #N AFEB pos. AFEB num. Int.cap.(pF) U(mv)20fc Gain Offset
   1 1 5663 0.246 65 7.2 78.6
   2 2 5026 0.236 78 7.3 69.2
   3 3 5615 0.24 56 6.9 80.7
   4 4 5635 0.255 65 6.4 64.2
   5 5 6078 0.212 102 7 37.7
   6 6 5044 0.251 78 6.2 45.2
   7 7 5681 0.245 84 7 54.8
   8 8 5667 0.231 91 6.7 43.4
   9 9 5045 0.242 76 6.9 63.4
   10 10 5910 0.225 65 6.8 70
   11 11 5021 0.235 78 7 62.9
   12 12 5048 0.234 65 7.2 79.7
   13 13 4994 0.278 58 7.3 87.1
   14 14 5004 0.242 86 6.9 53.3
   15 15 5911 0.208 105 6.9 33.6
   16 16 5670 0.231 69 6.5 61.3
   17 17 5698 0.221 69 6.9 70.3
   18 18 5641 0.24 94 6.9 44.2
   19 19 5577 0.303 79 6.7 53.8
   20 20 4998 0.25 74 6.9 63.9
   21 21 5595 0.242 68 6.7 67.1
   22 22 5558 0.249 75 6.9 63.4
   23 23 5051 0.247 73 6.7 60.4
   24 24 5956 0.24 60 6.9 77.6
