
                               #ME1_2 number 34.

#02-DEC-2014 , 22:14:46 (Geneva time)

   #N AFEB pos. AFEB num. Int.cap.(pF) U(mv)20fc Gain Offset
   1 1 6523 0.213 65 6.3 61.2
   2 2 4888 0.219 70 7.1 71.6
   3 3 4944 0.236 103 7 36.9
   4 4 4768 0.252 86 6.8 49.9
   5 5 6263 0.26 47 7 92.5
   6 6 4957 0.231 60 6.6 71.1
   7 7 7261 0.223 76 7.4 71.6
   8 8 2015 0.215 102 6.8 34.2
   9 9 4655 0.253 80 6.9 58.6
   10 10 1998 0.23 131 6.9 7.5
   11 11 3875 0.278 65 6.9 72
   12 12 4736 0.246 94 6.9 44.6
   13 13 2185 0.234 75 6.9 63.9
   14 14 4620 0.247 90 6.8 45.3
   15 15 4582 0.245 67 6.8 69.4
   16 16 4643 0.238 45 6.3 80.2
   17 17 2016 0.232 88 6.8 48.2
   18 18 2091 0.222 88 7.2 54.9
   19 19 7201 0.238 72 6.5 57.5
   20 20 2079 0.249 99 7.2 44.4
   21 21 4692 0.293 59 6.7 74.3
   22 22 4698 0.243 76 7 62.9
   23 23 2150 0.239 83 6.8 51.7
   24 24 3829 0.21 76 7.1 66.5
