
                               #ME1_2 number 30.

#02-DEC-2014 , 22:14:46 (Geneva time)

   #N AFEB pos. AFEB num. Int.cap.(pF) U(mv)20fc Gain Offset
   1 1 5153 0.202 74 7.2 70.7
   2 2 6230 0.234 58 6.9 80.5
   3 3 5169 0.26 69 7 71
   4 4 6136 0.22 63 6.3 62.1
   5 5 6513 0.223 62 6.6 69.3
   6 6 6087 0.227 90 6.9 49
   7 7 7367 0.245 82 7.2 62.9
   8 8 4346 0.222 93 6.7 40.5
   9 9 7349 0.252 88 6.7 45.9
   10 10 7530 0.246 81 7.3 65.3
   11 11 4320 0.246 58 6.9 79
   12 12 4584 0.247 79 7 60.1
   13 13 4731 0.237 97 6.8 37.7
   14 14 4631 0.259 59 6.5 69.8
   15 15 7386 0.226 64 7.1 78.5
   16 16 4628 0.239 79 7 60.4
   17 17 7375 0.24 67 6.6 66
   18 18 7566 0.227 55 7.5 95.9
   19 19 4646 0.242 71 7 70.1
   20 20 4556 0.244 90 6.8 45.7
   21 21 7258 0.239 52 6.9 86.5
   22 22 7377 0.224 75 6.9 63.2
   23 23 4335 0.231 96 7.2 46.6
   24 24 4665 0.239 105 7 35.5
