
                               #ME1_3 number 8.

#02-DEC-2014 , 22:14:53 (Geneva time)

   #N AFEB pos. AFEB num. Int.cap.(pF) U(mv)20fc Gain Offset
   1 1 6202 0.254 47 7.2 96.7
   2 2 6085 0.218 64 6.9 74.9
   3 3 6360 0.273 43 6.5 86.1
   4 4 5081 0.241 50 6.4 77.4
   5 5 4764 0.208 64 7 76.8
   6 6 6162 0.233 43 7 95.9
   7 7 4870 0.252 88 6.7 45.6
   8 8 6707 0.199 83 7.3 62.9
   9 9 6551 0.215 62 7 78
   10 10 6133 0.248 71 6 48.2
   11 11 4952 0.221 41 6.6 91.4
   12 12 6711 0.23 64 7.1 79.2
