
                               #ME3_1 number 10.

#02-DEC-2014 , 22:15:32 (Geneva time)

   #N AFEB pos. AFEB num. Int.cap.(pF) U(mv)20fc Gain Offset
   1 1 3127 0.221 81 6.3 45.6
   2 2 2837 0.204 106 6.8 29.6
   3 3 2918 0.249 97 7.1 44.5
   4 4 3518 0.244 99 6.5 30.6
   5 5 3429 0.228 79 6.9 58.3
   6 6 3016 0.234 78 7.2 66.9
   7 7 2456 0.233 91 6.8 45.4
   8 8 2365 0.227 68 6.9 69.9
   9 9 2761 0.219 68 7 72.6
   10 10 3149 0.239 56 6.8 80.4
   11 11 641 0.231 103 6.8 32.7
   12 12 2974 0.253 78 7.6 74.3
   13 13 3510 0.234 93 7 46
   14 14 2869 0.257 94 6.9 44
   15 15 3081 0.219 69 6.9 69
   16 16 1585 0.22 118 7.1 23.1
   17 17 248 0.239 90 6.8 45.6
   18 18 3375 0.229 95 7.2 48.6
   19 19 1607 0.234 85 7 55
   20 20 3122 0.228 51 6.9 88.1
   21 21 2353 0.231 65 7 75.2
   22 22 3433 0.261 98 7.2 46.5
   23 23 3611 0.217 91 6.7 43.2
   24 24 3222 0.243 62 7.5 87.7
   25 25 2923 0.247 58 6.4 69.8
   26 26 3287 0.258 76 7.1 66.5
   27 27 3304 0.219 68 6.4 59.9
   28 28 3243 0.216 56 6.9 82.3
   29 29 3181 0.244 55 6.7 79.4
   30 30 2948 0.204 97 7.2 47
   31 31 3369 0.238 90 7 49.3
   32 32 3620 0.23 79 6.2 43.7
   33 33 796 0.231 98 7.2 46.3
   34 34 3021 0.251 135 7.1 6.3
   35 35 2374 0.207 88 7 52.9
   36 36 286 0.243 76 6.9 61.4
