
                               #ME3_1 number 6.

#02-DEC-2014 , 22:15:31 (Geneva time)

   #N AFEB pos. AFEB num. Int.cap.(pF) U(mv)20fc Gain Offset
   1 1 8784 0.226 52 7.3 94.1
   2 2 8595 0.259 89 6.6 44.1
   3 3 8507 0.245 59 6.9 79.5
   4 4 8760 0.222 92 7.2 52.4
   5 5 8651 0.213 58 6.5 71.9
   6 6 8512 0.243 85 7.1 56.6
   7 7 8666 0.248 91 6.8 44.9
   8 8 8693 0.242 89 6.8 47.5
   9 9 8596 0.241 92 7.1 50.6
   10 10 8687 0.233 56 7 83.5
   11 11 8778 0.222 88 7.1 53.8
   12 12 8681 0.251 62 6.9 75.5
   13 13 9000 0.226 53 7 87.1
   14 14 8605 0.263 71 6.9 66.6
   15 15 8634 0.236 62 7.5 88.3
   16 16 8709 0.244 56 7.1 85.1
   17 17 8719 0.236 90 6.8 45.5
   18 18 8895 0.232 77 6.9 61.5
   19 19 8716 0.201 80 7 60.4
   20 20 8956 0.236 66 6.5 64.3
   21 21 8968 0.225 59 7 81.4
   22 22 8099 0.236 94 6.9 43.7
   23 23 8762 0.248 82 7 58.2
   24 24 8725 0.212 93 7.3 53.5
   25 25 8578 0.236 68 6.8 68.5
   26 26 8769 0.231 69 6.8 66.3
   27 27 8771 0.23 81 6.9 56.3
   28 28 8728 0.244 69 7.1 73.5
   29 29 8983 0.251 74 6.7 59.2
   30 30 8684 0.238 63 7 76.1
   31 31 8695 0.239 73 7 66.7
   32 32 8649 0.227 69 7 69.8
   33 33 8260 0.235 79 7.1 62.4
   34 34 8685 0.255 69 7 69.9
   35 35 8733 0.252 81 6.9 56.4
   36 36 8586 0.248 107 6.7 27.5
