
                               #ME1_2 number 19.

#02-DEC-2014 , 22:14:44 (Geneva time)

   #N AFEB pos. AFEB num. Int.cap.(pF) U(mv)20fc Gain Offset
   1 1 6058 0.236 67 6.4 60.5
   2 2 9280 0.224 109 7 31.5
   3 3 6040 0.22 80 7.2 64.1
   4 4 6210 0.242 74 7.3 72
   5 5 6553 0.213 88 7 52.6
   6 6 6028 0.218 91 6.9 47.6
   7 7 7826 0.235 83 7.1 57.9
   8 8 7690 0.22 102 7 38.1
   9 9 9547 0.273 112 6.5 17.6
   10 10 6893 0.254 85 7 54.8
   11 11 7751 0.242 86 7.1 56.8
   12 12 6906 0.241 105 7.3 41.8
   13 13 7738 0.239 77 6.3 49.5
   14 14 7656 0.24 91 6.9 46.6
   15 15 5127 0.23 90 6.6 42.5
   16 16 3412 0.239 102 6.5 28.5
   17 17 5089 0.208 63 7.1 79.4
   18 18 6989 0.263 49 6.8 88.1
   19 19 7684 0.229 84 7.5 66.4
   20 20 7650 0.225 83 7 56.6
   21 21 7633 0.217 60 6.8 75.8
   22 22 1539 0.235 73 7.1 68.3
   23 23 7849 0.232 86 6.3 38.8
   24 24 5938 0.234 66 6.5 64.3
