
                               #ME4_1 number 9.

#02-DEC-2014 , 22:15:38 (Geneva time)

   #N AFEB pos. AFEB num. Int.cap.(pF) U(mv)20fc Gain Offset
   1 1 11434 0.255 90 6.8 45.5
   2 2 11739 0.233 123 6.8 13.2
   3 3 11192 0.224 128 7.3 19.2
   4 4 11191 0.225 76 6.8 59.1
   5 5 11340 0.241 106 6.9 32.7
   6 6 11185 0.263 93 7.3 52.5
   7 7 11743 0.219 99 6.9 39.9
   8 8 11439 0.241 71 6.6 61.4
   9 9 11480 0.204 99 7.1 43.3
   10 10 11417 0.234 105 6.9 32.7
   11 11 11420 0.22 110 7.2 33.5
   12 12 11541 0.24 100 7.2 44.8
   13 13 11397 0.232 69 6.8 67.4
   14 14 10899 0.223 136 7.2 6.7
   15 15 11409 0.22 112 6.8 22.9
   16 16 11231 0.229 96 6.8 39.3
   17 17 10762 0.226 95 7.3 51.4
   18 18 11422 0.251 93 6.3 33.5
   19 19 10742 0.205 98 7.3 47.3
   20 20 11217 0.221 109 6.9 29.6
   21 21 10901 0.227 95 6.9 42.9
   22 22 10904 0.215 63 7.2 79.9
   23 23 11396 0.249 95 6.8 40.2
   24 24 11196 0.228 80 6.6 51.6
   25 25 11124 0.229 92 7.3 54.3
   26 26 10897 0.253 96 7 44.1
   27 27 11429 0.223 98 7.1 44.2
   28 28 10902 0.265 101 6.7 33.7
   29 29 10761 0.227 113 6.9 23.9
   30 30 11216 0.256 67 7.1 74.5
   31 31 11423 0.229 101 7 38.7
   32 32 10884 0.249 100 6.8 37.3
   33 33 11187 0.275 94 7.1 48.6
   34 34 11438 0.262 79 6.7 54.9
   35 35 10879 0.211 121 7.3 24.5
   36 36 10895 0.262 102 6.7 30.6
