
                               #ME1_3 number 16.

#02-DEC-2014 , 22:14:54 (Geneva time)

   #N AFEB pos. AFEB num. Int.cap.(pF) U(mv)20fc Gain Offset
   1 1 6336 0.254 64 7.3 81.6
   2 2 6803 0.249 72 6.9 66.6
   3 3 6252 0.251 57 7 82.8
   4 4 6821 0.276 80 7.2 63.8
   5 5 6197 0.237 85 7 55.7
   6 6 6815 0.229 62 7.5 88.5
   7 7 6793 0.233 66 6.9 72.3
   8 8 6198 0.221 69 7 71.4
   9 9 6788 0.236 77 6.8 59
   10 10 6311 0.231 71 7.2 72.3
   11 11 6789 0.257 72 6.7 61.9
   12 12 6393 0.235 89 6.9 49.8
