
                               #ME2_1 number 3.

#02-DEC-2014 , 22:15:01 (Geneva time)

   #N AFEB pos. AFEB num. Int.cap.(pF) U(mv)20fc Gain Offset
   1 1 8096 0.218 81 6.9 58.5
   2 2 8050 0.263 87 6.8 50.2
   3 3 4226 0.247 82 6.6 49.9
   4 4 3781 0.239 67 7.4 82.1
   5 5 7659 0.214 79 6.7 55.7
   6 6 8065 0.245 72 6.8 64.7
   7 7 4262 0.237 80 7.1 62.1
   8 8 7926 0.242 77 6.1 44.3
   9 9 8058 0.242 66 6.9 71.6
   10 10 7679 0.231 118 6.9 19.8
   11 11 3865 0.24 79 6.9 59
   12 12 3768 0.238 61 6.8 74.3
   13 13 7955 0.252 60 7.1 81.2
   14 14 8113 0.283 65 7.2 77.6
   15 15 7913 0.239 74 6.8 60.9
   16 16 4334 0.254 66 6.1 54.8
   17 17 7953 0.246 102 6.9 36.9
   18 18 4046 0.203 80 6.9 57.9
   19 19 4530 0.237 87 7 53.1
   20 20 7651 0.266 64 7.5 86.1
   21 21 8019 0.233 72 7.2 70.9
   22 22 7930 0.235 87 6.9 52
   23 23 8143 0.216 99 7.2 46.3
   24 24 4651 0.246 58 7.1 84.7
   25 25 8195 0.245 92 6.8 44.9
   26 26 4014 0.234 79 7 62
   27 27 8055 0.24 86 6.6 46.5
   28 28 7994 0.26 73 6.5 56.3
   29 29 3771 0.222 65 6.9 74.2
   30 30 4006 0.232 54 6.7 80.2
   31 31 8119 0.206 84 7.1 57.4
   32 32 7993 0.275 64 6.4 64
   33 33 4298 0.23 73 6.8 62.3
   34 34 4612 0.246 91 6.8 45.2
   35 35 4704 0.232 68 7 72.2
   36 36 3698 0.235 108 6.9 29.5
   37 37 4061 0.222 78 7.4 71.1
   38 38 4028 0.25 60 7.1 80.7
   39 39 4297 0.274 86 6.9 51.4
   40 40 4332 0.279 91 6.7 42.3
   41 41 4693 0.246 76 6.8 60.9
   42 42 3852 0.238 58 6.9 79.6
