
                               #ME1_2 number 55.

#02-DEC-2014 , 22:14:49 (Geneva time)

   #N AFEB pos. AFEB num. Int.cap.(pF) U(mv)20fc Gain Offset
   1 1 5207 0.209 87 6.9 52.1
   2 2 5039 0.267 86 6.8 49.7
   3 3 6487 0.243 88 6.7 46.7
   4 4 6431 0.268 90 6.3 35.5
   5 5 6117 0.232 76 6.2 48.2
   6 6 6156 0.222 65 6.6 66.8
   7 7 8152 0.292 92 6.8 44.6
   8 8 1717 0.256 107 7.1 35.6
   9 9 4049 0.232 52 7.1 89.7
   10 10 9430 0.216 54 6.9 84
   11 11 7729 0.301 81 6.7 53.5
   12 12 5390 0.212 99 7 42.1
   13 13 1453 0.211 103 6.9 35.2
   14 14 9399 0.211 94 7.6 57.1
   15 15 3738 0.215 84 6.9 54.5
   16 16 7481 0.245 61 7.1 80.4
   17 17 7502 0.248 90 6.9 47.2
   18 18 4571 0.242 74 7 66.3
   19 19 4566 0.233 62 6.7 72.6
   20 20 3743 0.239 78 7 61.1
   21 21 7507 0.206 86 7.1 56.5
   22 22 4649 0.261 52 7.1 91.1
   23 23 7558 0.231 101 7.2 43.8
   24 24 7551 0.238 96 6.9 42.1
