
                               #ME1_2 number 3.

#02-DEC-2014 , 22:14:42 (Geneva time)

   #N AFEB pos. AFEB num. Int.cap.(pF) U(mv)20fc Gain Offset
   1 1 4779 0.236 71 7 68.5
   2 2 6510 0.226 87 6.4 41.6
   3 3 4862 0.215 92 6.9 46
   4 4 4858 0.226 116 7 24.7
   5 5 6522 0.243 85 6.8 51
   6 6 4786 0.23 89 7.4 58
   7 7 5860 0.227 110 6.4 18.8
   8 8 6813 0.246 90 7.3 55.4
   9 9 5832 0.222 61 7.1 80.3
   10 10 5104 0.23 81 6.9 57
   11 11 6873 0.247 80 6.5 50.8
   12 12 6362 0.224 84 6.9 54.5
   13 13 5859 0.214 70 6.6 62.3
   14 14 5805 0.22 86 7.1 56.4
   15 15 5815 0.222 89 6.9 49.4
   16 16 5800 0.233 87 6.8 48.9
   17 17 5870 0.233 79 6.9 59.4
   18 18 5110 0.216 78 6.5 51.1
   19 19 5867 0.216 95 6.9 43.8
   20 20 6269 0.238 71 6.8 65.6
   21 21 5112 0.232 115 6.9 23.8
   22 22 6270 0.26 74 7 66
   23 23 5846 0.253 67 6.9 70.5
   24 24 5061 0.229 57 7.1 85.6
