
                             #ME234_2 number 147.

#02-DEC-2014 , 22:15:30 (Geneva time)

   #N AFEB pos. AFEB num. Int.cap.(pF) U(mv)20fc Gain Offset
   1 1 11920 0.219 104 7 37.1
   2 2 12100 0.232 93 7.3 51.8
   3 3 12032 0.244 118 6.6 14.2
   4 4 11774 0.208 98 7 41.4
   5 5 12076 0.23 102 7.2 42.1
   6 6 11873 0.218 94 7.2 49.5
   7 7 11870 0.241 101 6.7 32.5
   8 8 12026 0.242 104 7 36.1
   9 9 12155 0.207 106 7.1 36.5
   10 10 11066 0.235 102 7.2 42.5
   11 11 11094 0.235 99 7 41.7
   12 12 11580 0.23 105 6.8 31.5
   13 13 12029 0.219 96 6.9 41.8
   14 14 12104 0.255 102 7 37.6
   15 15 12073 0.239 96 6.9 43.4
   16 16 12025 0.254 103 7.1 38.4
   17 17 11876 0.232 102 7.3 43.7
   18 18 11210 0.234 83 7.1 59.5
   19 19 12016 0.236 89 6.9 49.7
   20 20 11922 0.243 102 7.5 48.9
   21 21 12202 0.22 106 7.1 35
   22 22 12039 0.242 93 6.9 45.1
   23 23 12034 0.235 90 7 50.3
   24 24 11181 0.253 99 7.7 54.4
