
                              #ME234_2 number 73.

#02-DEC-2014 , 22:15:19 (Geneva time)

   #N AFEB pos. AFEB num. Int.cap.(pF) U(mv)20fc Gain Offset
   1 1 1593 0.241 85 6.9 53.6
   2 2 1469 0.228 67 6.4 60.2
   3 3 1459 0.226 74 6.4 54.4
   4 4 1308 0.216 75 6.9 63.4
   5 5 1772 0.263 68 6.1 54.1
   6 6 1711 0.215 68 6.3 57.6
   7 7 3376 0.261 69 6.9 69.5
   8 8 3473 0.263 89 7 50.6
   9 9 1414 0.227 68 6.1 52.7
   10 10 2910 0.232 60 6.6 71.5
   11 11 913 0.262 81 6.9 57.1
   12 12 422 0.241 71 6.8 66.3
   13 13 2883 0.227 69 6.8 66.9
   14 14 950 0.266 90 7.1 52.2
   15 15 728 0.24 77 6.9 62.1
   16 16 370 0.239 82 6.8 55
   17 17 11 0.284 88 6.7 45.6
   18 18 5146 0.242 53 6.7 80.2
   19 19 4327 0.221 72 6.8 65.1
   20 20 3531 0.228 72 6.3 53.9
   21 21 1693 0.225 76 6.4 51.7
   22 22 1645 0.215 78 7.2 66.5
   23 23 3154 0.267 59 7.3 86.3
   24 24 2471 0.242 67 7.1 74.6
