
                             #ME234_2 number 114.

#02-DEC-2014 , 22:15:25 (Geneva time)

   #N AFEB pos. AFEB num. Int.cap.(pF) U(mv)20fc Gain Offset
   1 1 7023 0.265 134 6.8 1.5
   2 2 7122 0.213 91 7 48.3
   3 3 7152 0.238 73 6.9 64.9
   4 4 5706 0.211 124 7.2 20.4
   5 5 7044 0.233 72 7 68.3
   6 6 7055 0.236 86 7.5 64.4
   7 7 7108 0.227 83 6.9 54.4
   8 8 7160 0.203 102 7 38.3
   9 9 7129 0.256 75 7.1 66.7
   10 10 7087 0.22 89 7.2 54.9
   11 11 7020 0.25 66 6.4 62.4
   12 12 7021 0.22 54 6.9 84.5
   13 13 6961 0.211 73 7.2 70.3
   14 14 7064 0.24 68 7.1 73.5
   15 15 7000 0.271 80 6.8 55.5
   16 16 7951 0.227 118 6.9 20.2
   17 17 7057 0.254 77 7.1 65.6
   18 18 7153 0.221 57 6.7 76
   19 19 7123 0.205 85 7.2 58.6
   20 20 7150 0.234 91 6.5 39.8
   21 21 8352 0.231 68 7 71
   22 22 8543 0.238 85 7 55.8
   23 23 7162 0.216 83 6.8 53.4
   24 24 6968 0.234 82 7.2 62.7
