
                             #ME234_2 number 266.

#02-DEC-2014 , 22:39:17 (Geneva time)

   #N AFEB pos. AFEB num. Int.cap.(pF) U(mv)20fc Gain Offset
   1 1 365 0.247 114 7.1 28
   2 2 1192 0.252 66 6.4 61.2
   3 3 3958 0.238 51 7 89
   4 4 356 0.23 117 6.8 18
   5 5 9356 0.257 107 7 34.3
   6 6 7204 0.219 72 6.9 66.3
   7 7 140 0.236 115 6.7 18.6
   8 8 9915 0.291 87 6.3 39.3
   9 9 2890 0.306 72 6.8 64
   10 10 380 0.263 109 6.9 28.6
   11 11 1923 0.255 102 6.3 25.4
   12 12 325 0.235 93 6.9 45.6
   13 13 7324 0.247 72 6.6 59.7
   14 14 486 0.258 90 7 50.6
   15 15 853 0.247 107 6.8 29.8
   16 16 2683 0.243 91 7.1 50.5
   17 17 737 0.24 110 6.9 29
   18 18 3533 0.276 68 7 72.6
   19 19 9292 0.249 73 6.7 61.1
   20 20 2710 0.208 72 6.9 66.9
   21 21 990 0.275 100 6.9 38
   22 22 2102 0.199 92 7.2 51.5
   23 23 890 0.228 122 6.9 15.5
   24 24 9466 0.236 59 7.5 91.5
