
                               #ME1_3 number 36.

#02-DEC-2014 , 22:14:56 (Geneva time)

   #N AFEB pos. AFEB num. Int.cap.(pF) U(mv)20fc Gain Offset
   1 1 9703 0.248 78 6.8 58.3
   2 2 8326 0.252 87 6.5 43.4
   3 3 8336 0.251 88 7.3 58.1
   4 4 8272 0.242 67 7 74
   5 5 8171 0.239 90 7.1 50.7
   6 6 8283 0.246 68 7.7 84.9
   7 7 8390 0.242 87 7 52.7
   8 8 8114 0.231 73 6.2 52.3
   9 9 8458 0.242 89 6.9 47.9
   10 10 8280 0.233 73 7.2 72.2
   11 11 8162 0.228 74 6.4 54.3
   12 12 8168 0.22 90 7 50.7
