
                               #ME1_2 number 58.

#02-DEC-2014 , 22:14:50 (Geneva time)

   #N AFEB pos. AFEB num. Int.cap.(pF) U(mv)20fc Gain Offset
   1 1 6191 0.224 99 6.7 35.6
   2 2 9140 0.244 82 6.7 52.1
   3 3 6216 0.234 69 7 70.8
   4 4 6225 0.241 66 7.1 75
   5 5 6149 0.246 63 6.9 74.5
   6 6 9307 0.238 84 7.4 64.6
   7 7 7498 0.228 89 6.9 49.4
   8 8 7608 0.211 81 6.9 56.8
   9 9 9473 0.227 90 7.2 53.6
   10 10 8986 0.259 107 6.7 28
   11 11 7503 0.232 68 7.3 77.3
   12 12 7256 0.233 77 7.6 74.9
   13 13 9391 0.241 83 6.4 45.2
   14 14 7601 0.251 61 6.9 77
   15 15 7564 0.232 85 7.2 58.4
   16 16 7587 0.292 60 6.8 75.5
   17 17 7575 0.239 58 6.7 76.2
   18 18 7599 0.228 75 6.7 58.1
   19 19 7576 0.25 97 6.4 31.3
   20 20 7341 0.238 72 6.5 58.2
   21 21 7569 0.252 73 6.6 57.8
   22 22 7466 0.256 85 7 55.4
   23 23 7490 0.254 73 7 67.2
   24 24 7373 0.237 74 7.2 69.9
