
                             #ME234_2 number 265.

#02-DEC-2014 , 22:39:17 (Geneva time)

   #N AFEB pos. AFEB num. Int.cap.(pF) U(mv)20fc Gain Offset
   1 1 7622 0.248 57 6.1 63.7
   2 2 9477 0.222 51 7.2 92.2
   3 3 2051 0.221 107 7.3 39.7
   4 4 7941 0.276 44 6.6 87.9
   5 5 348 0.246 121 7 18.4
   6 6 2094 0.262 97 7.5 53.4
   7 7 4558 0.256 61 7 79.2
   8 8 840 0.229 96 6.7 37.4
   9 9 2245 0.229 65 6.4 64
   10 10 404 0.236 74 6.7 60.2
   11 11 1648 0.23 70 7.2 73.7
   12 12 1951 0.256 82 7.2 62.1
   13 13 2638 0.238 81 7 57.9
   14 14 463 0.244 108 6.8 28.5
   15 15 3870 0.241 51 6.8 84.1
   16 16 4036 0.252 86 6.9 52.3
   17 17 2155 0.241 95 6.7 38.4
   18 18 11700 0.218 100 6.8 36.1
   19 19 1999 0.24 96 6.7 38.2
   20 20 9443 0.235 123 7.1 19.6
   21 21 3507 0.233 96 7.1 46
   22 22 2719 0.202 47 7.2 96.1
   23 23 1237 0.237 113 7.3 32.7
   24 24 296 0.227 97 6.8 39.7
