
                              #ME234_2 number 67.

#02-DEC-2014 , 22:15:18 (Geneva time)

   #N AFEB pos. AFEB num. Int.cap.(pF) U(mv)20fc Gain Offset
   1 1 2857 0.26 100 6.9 37.2
   2 2 1515 0.245 98 6.7 35.4
   3 3 1580 0.244 80 6.1 42.2
   4 4 1805 0.243 106 7.2 36.9
   5 5 7200 0.218 98 7.1 44.2
   6 6 1799 0.244 96 6.9 41.9
   7 7 932 0.235 85 6.7 49.6
   8 8 2945 0.236 95 6.5 34.5
   9 9 7226 0.247 92 6.8 43.8
   10 10 7307 0.241 92 6.8 43.7
   11 11 7302 0.247 91 6.9 47.7
   12 12 1837 0.241 94 6.3 31.3
   13 13 1849 0.233 111 7.2 32.3
   14 14 1771 0.221 73 6.1 49.9
   15 15 928 0.231 89 6.8 46.8
   16 16 7454 0.234 84 6.6 48.7
   17 17 7427 0.254 89 6.7 45.9
   18 18 7284 0.263 95 6.7 37.9
   19 19 1433 0.22 92 7 48.6
   20 20 1422 0.225 77 6.1 45
   21 21 7429 0.243 78 6.8 58.9
   22 22 3249 0.233 84 6.6 48.4
   23 23 3034 0.256 105 7.3 41.4
   24 24 2893 0.202 104 7.6 47.7
