
                              #ME234_2 number 45.

#02-DEC-2014 , 22:15:15 (Geneva time)

   #N AFEB pos. AFEB num. Int.cap.(pF) U(mv)20fc Gain Offset
   1 1 2615 0.26 90 6.8 45.2
   2 2 2781 0.239 106 6.6 25.8
   3 3 2425 0.216 81 6.9 58.1
   4 4 3067 0.274 55 6.6 76.8
   5 5 3165 0.238 60 7.2 85.4
   6 6 3285 0.219 92 6.9 47
   7 7 3063 0.232 83 7.4 66.5
   8 8 2574 0.234 107 6.9 32
   9 9 12194 0.231 105 6.9 32.3
   10 10 11624 0.232 100 6.9 37.3
   11 11 3087 0.232 57 6.7 76.2
   12 12 11084 0.222 111 7.2 32.1
   13 13 11763 0.214 101 7.3 45.8
   14 14 3561 0.224 73 6.5 57.8
   15 15 2448 0.259 63 6.6 69.7
   16 16 12199 0.279 99 6.9 38.1
   17 17 2407 0.222 86 7 53.8
   18 18 2279 0.231 80 6.4 49.5
   19 19 2309 0.216 94 7 46.9
   20 20 3314 0.212 104 7.3 43.1
   21 21 3260 0.25 72 7.3 73.7
   22 22 4051 0.237 83 6.9 55.3
   23 23 2434 0.265 53 7.1 88.7
   24 24 1683 0.216 75 6.5 54.3
