
                             #ME234_2 number 271.

#02-DEC-2014 , 22:39:19 (Geneva time)

   #N AFEB pos. AFEB num. Int.cap.(pF) U(mv)20fc Gain Offset
   1 1 5427 0.236 64 7.1 77.6
   2 2 6279 0.216 65 6.3 62.1
   3 3 5839 0.203 86 7.1 56.2
   4 4 5511 0.252 92 6.9 45.9
   5 5 5488 0.242 55 6.9 82.7
   6 6 6997 0.23 92 7.1 49
   7 7 5587 0.231 83 6.9 55.7
   8 8 4083 0.237 58 7 82.5
   9 9 5753 0.226 111 6.8 24.6
   10 10 5545 0.232 61 7.2 82.7
   11 11 5739 0.232 91 6.9 46.7
   12 12 6863 0.266 78 7.1 64.3
   13 13 1927 0.239 79 6.9 58.5
   14 14 5088 0.242 56 7.1 85.7
   15 15 5435 0.246 68 6.9 69.9
   16 16 5771 0.243 74 6.7 60.2
   17 17 7006 0.244 71 6.9 67.5
   18 18 5738 0.253 115 7.1 27.4
   19 19 5943 0.239 80 6.1 42.4
   20 20 6991 0.232 92 7 48
   21 21 5136 0.265 60 6.6 71.8
   22 22 5480 0.218 74 7.1 67.2
   23 23 5811 0.239 50 6.3 76.7
   24 24 9270 0.251 66 6.2 58.4
