
                               #ME1_3 number 37.

#02-DEC-2014 , 22:14:56 (Geneva time)

   #N AFEB pos. AFEB num. Int.cap.(pF) U(mv)20fc Gain Offset
   1 1 8404 0.224 82 7.3 63.8
   2 2 8386 0.254 59 6.1 62.4
   3 3 8870 0.209 75 6.9 63.8
   4 4 8115 0.254 78 6.8 56.5
   5 5 9836 0.23 77 6.9 61.5
   6 6 8948 0.25 82 6.8 55
   7 7 8367 0.263 74 7.1 67
   8 8 8337 0.237 72 7.3 75.3
   9 9 8592 0.242 60 7.1 81.5
   10 10 8333 0.242 77 6.8 59.3
   11 11 8208 0.255 55 7.1 87.6
   12 12 8977 0.229 99 6.8 36.8
