
                               #ME1_2 number 13.

#02-DEC-2014 , 22:14:43 (Geneva time)

   #N AFEB pos. AFEB num. Int.cap.(pF) U(mv)20fc Gain Offset
   1 1 6559 0.208 101 7.4 47.1
   2 2 6600 0.232 68 6.3 58.6
   3 3 4790 0.228 74 6.8 62.8
   4 4 6604 0.23 87 7.3 59
   5 5 6582 0.226 62 6.5 67.3
   6 6 6577 0.27 101 7 38.9
   7 7 4671 0.23 63 6.8 72.7
   8 8 7938 0.232 77 7.2 66.8
   9 9 4575 0.246 82 6.9 56.2
   10 10 4562 0.285 76 7.2 68.5
   11 11 4534 0.217 95 7.1 46.8
   12 12 4295 0.246 78 7 61.9
   13 13 4311 0.25 68 7.2 75.6
   14 14 4691 0.256 77 7.3 68.2
   15 15 4683 0.239 87 6.9 50.1
   16 16 4564 0.26 75 7 64
   17 17 4544 0.254 87 7.5 63.2
   18 18 3970 0.23 62 7.3 83
   19 19 7475 0.223 93 7 46.5
   20 20 7540 0.244 90 6.9 47.8
   21 21 4317 0.262 69 6.8 66.9
   22 22 4549 0.246 67 7.4 79.9
   23 23 7512 0.258 81 7.1 60.8
   24 24 4689 0.247 76 6.6 57.1
