
                             #ME234_2 number 230.

#02-DEC-2014 , 22:39:19 (Geneva time)

   #N AFEB pos. AFEB num. Int.cap.(pF) U(mv)20fc Gain Offset
   1 1 10210 0.242 101 7.2 42.9
   2 2 6299 0.223 73 6.9 65
   3 3 10050 0.228 99 6.8 36.5
   4 4 10829 0.206 107 7.1 35.4
   5 5 10026 0.245 109 7.4 38.8
   6 6 6736 0.212 88 7 52.5
   7 7 10177 0.231 92 6.7 41.7
   8 8 10088 0.241 128 6.8 8.4
   9 9 10051 0.242 87 7 53.8
   10 10 10142 0.246 103 6.8 32.3
   11 11 2790 0.245 72 6.5 58.4
   12 12 10061 0.248 109 6.9 29
   13 13 10134 0.234 104 7.2 40.2
   14 14 10136 0.221 91 6.8 44.6
   15 15 10172 0.227 112 6.9 26
   16 16 10211 0.235 104 6.8 33
   17 17 6839 0.248 88 6.8 48.4
   18 18 10189 0.24 99 7.1 42.5
   19 19 10014 0.251 101 6.9 37.8
   20 20 6381 0.249 58 6.6 73.7
   21 21 10201 0.249 109 6.7 25.9
   22 22 10202 0.25 97 6.9 41.2
   23 23 10024 0.253 117 6.7 17.5
   24 24 10151 0.234 100 6.9 37.4
