
                               #ME2_1 number 31.

#02-DEC-2014 , 22:15:07 (Geneva time)

   #N AFEB pos. AFEB num. Int.cap.(pF) U(mv)20fc Gain Offset
   1 1 1628 0.232 92 7.1 49.2
   2 2 3493 0.256 55 7 84.6
   3 3 3612 0.259 67 6 52.5
   4 4 656 0.237 112 7.3 34.7
   5 5 1025 0.287 119 6.9 19.6
   6 6 804 0.285 84 6.6 47.5
   7 7 233 0.299 80 6.8 54.4
   8 8 762 0.246 77 6.7 55.9
   9 9 112 0.258 117 7 22
   10 10 750 0.238 99 7 41.5
   11 11 1083 0.296 96 6.8 39.4
   12 12 2855 0.258 88 6.8 46.8
   13 13 239 0.246 109 6.6 23.8
   14 14 292 0.263 101 6.8 35.9
   15 15 267 0.229 82 7.2 62.8
   16 16 784 0.234 65 7.1 76.1
   17 17 149 0.235 111 6.7 22.7
   18 18 240 0.238 79 6.8 56.7
   19 19 169 0.228 78 6.9 59.7
   20 20 1184 0.265 74 6.8 62.4
   21 21 1384 0.243 73 6.9 65.4
   22 22 659 0.24 126 7.2 18.9
   23 23 830 0.242 107 6.6 24.8
   24 24 159 0.267 112 6.8 23.5
   25 25 123 0.28 130 7.2 14.4
   26 26 439 0.231 105 6.9 33.6
   27 27 788 0.292 107 6.7 26.4
   28 28 157 0.241 129 7.2 15.3
   29 29 320 0.247 84 6.6 47.7
   30 30 395 0.245 95 6.8 40.4
   31 31 862 0.24 94 6.8 43
   32 32 907 0.256 79 6.7 54.9
   33 33 216 0.254 132 7.2 11.6
   34 34 849 0.246 63 6.8 73.9
   35 35 532 0.23 85 6.7 48.4
   36 36 116 0.248 108 6.8 29.4
   37 37 1292 0.209 115 7.2 28.7
   38 38 331 0.277 79 6.7 53.8
   39 39 152 0.251 118 6.9 20.7
   40 40 191 0.241 97 6.9 40
   41 41 397 0.235 100 6.8 36
   42 42 602 0.291 108 6.6 23.8
