
                              #ME234_2 number 59.

#02-DEC-2014 , 22:15:17 (Geneva time)

   #N AFEB pos. AFEB num. Int.cap.(pF) U(mv)20fc Gain Offset
   1 1 4191 0.218 76 6.9 62.7
   2 2 2825 0.205 84 7 55.3
   3 3 3718 0.228 84 6.5 45.8
   4 4 5644 0.224 64 7 75.9
   5 5 4240 0.229 64 7.1 78.2
   6 6 4024 0.241 66 6.9 71.2
   7 7 8356 0.212 58 6.9 81.1
   8 8 9513 0.229 59 6.4 70.5
   9 9 4369 0.261 73 7.1 70
   10 10 2359 0.24 69 6.7 65.3
   11 11 4235 0.242 67 6.8 67.5
   12 12 3914 0.219 69 7.2 74.8
   13 13 3931 0.282 67 6.7 66.9
   14 14 4477 0.255 69 6.9 69.1
   15 15 4502 0.23 80 7 59.4
   16 16 4480 0.24 87 7.2 56.4
   17 17 8484 0.22 77 7.6 76.1
   18 18 4117 0.242 76 6.7 58.8
   19 19 5599 0.254 71 6.8 64.6
   20 20 8407 0.241 80 6.8 55.7
   21 21 4213 0.237 81 6.9 57.1
   22 22 8475 0.235 71 6.6 60.4
   23 23 8411 0.243 71 7.1 71.4
   24 24 3974 0.233 89 7.1 51.5
