
                              #ME234_2 number 82.

#02-DEC-2014 , 22:15:20 (Geneva time)

   #N AFEB pos. AFEB num. Int.cap.(pF) U(mv)20fc Gain Offset
   1 1 4373 0.219 89 7 51
   2 2 8479 0.236 61 7.1 81
   3 3 7675 0.236 73 7 67.9
   4 4 7712 0.232 93 6.2 32.4
   5 5 8389 0.248 106 6.5 23.9
   6 6 7871 0.245 80 6.1 40.8
   7 7 3977 0.229 69 7 70.8
   8 8 7713 0.232 93 6.9 43.7
   9 9 7862 0.256 78 6.5 51.9
   10 10 7660 0.224 123 6.5 6.5
   11 11 7759 0.243 77 6.5 54.1
   12 12 7788 0.231 99 6.6 34.2
   13 13 7723 0.25 78 6.9 60.5
   14 14 3895 0.244 63 7.1 79.4
   15 15 3697 0.249 113 6.9 25.7
   16 16 3318 0.255 70 6.3 56.1
   17 17 4372 0.251 52 6.4 75.9
   18 18 8432 0.242 75 6.8 62.1
   19 19 3413 0.241 92 7 48.2
   20 20 7855 0.289 71 6.7 63.9
   21 21 9543 0.215 112 7.2 31.3
   22 22 7775 0.238 67 6.7 66.3
   23 23 7740 0.22 65 7.3 82.2
   24 24 7748 0.21 112 7.2 31.1
