
                               #ME4_1 number 22.

#02-DEC-2014 , 22:15:41 (Geneva time)

   #N AFEB pos. AFEB num. Int.cap.(pF) U(mv)20fc Gain Offset
   1 1 10086 0.247 100 6.9 38.2
   2 2 10199 0.252 105 6.8 29.5
   3 3 10290 0.225 109 7.1 32.9
   4 4 11322 0.222 115 6.8 21.7
   5 5 10125 0.263 103 6.6 30.1
   6 6 10025 0.233 119 6.9 19
   7 7 10085 0.249 116 7 24.1
   8 8 10095 0.277 107 6.9 30.7
   9 9 10212 0.247 98 6.9 39.8
   10 10 11104 0.254 73 6.8 64
   11 11 10219 0.248 98 6.9 40.4
   12 12 10035 0.233 111 6.9 26.5
   13 13 10110 0.232 92 7 47.7
   14 14 11376 0.245 110 7.1 32.2
   15 15 11262 0.217 108 7.2 35.4
   16 16 10003 0.229 112 7.3 33.3
   17 17 11320 0.226 89 6.7 45.9
   18 18 11057 0.231 105 6.5 25.5
   19 19 11458 0.241 103 6.9 34.8
   20 20 10098 0.25 105 7.1 37.3
   21 21 11447 0.244 95 6.9 41.7
   22 22 10116 0.241 92 6.9 47.1
   23 23 11323 0.237 80 7.2 63
   24 24 11355 0.252 106 7.2 38.8
   25 25 11335 0.228 62 6.5 69.2
   26 26 11261 0.243 102 7.2 42.6
   27 27 11278 0.239 71 6.8 65.7
   28 28 10103 0.231 99 7.3 46.3
   29 29 11239 0.249 92 7 48.6
   30 30 11251 0.238 94 6.9 43.7
   31 31 10220 0.241 94 7 46
   32 32 10294 0.216 97 7.2 46.8
   33 33 10218 0.232 109 6.8 26.5
   34 34 10111 0.269 92 7.6 60.5
   35 35 10117 0.234 100 6.9 37
   36 36 10009 0.281 92 7.2 50.7
