
                               #ME2_1 number 37.

#02-DEC-2014 , 22:15:08 (Geneva time)

   #N AFEB pos. AFEB num. Int.cap.(pF) U(mv)20fc Gain Offset
   1 1 912 0.236 74 6.7 60.6
   2 2 2465 0.208 57 7.1 85.6
   3 3 1281 0.219 82 7 57.6
   4 4 2539 0.209 72 6.9 67.2
   5 5 1186 0.244 70 6.9 69.3
   6 6 2530 0.243 92 7.2 51.4
   7 7 1644 0.249 78 6.6 53
   8 8 2829 0.247 80 6.6 52.5
   9 9 1173 0.223 89 7 51.3
   10 10 1215 0.269 88 6.2 36.4
   11 11 1228 0.211 91 7 49.2
   12 12 1165 0.216 83 7.1 58.8
   13 13 2345 0.206 105 7.4 43
   14 14 1145 0.289 90 6.6 42.7
   15 15 1640 0.238 106 6.8 30.4
   16 16 2493 0.221 74 7 64.9
   17 17 2474 0.24 87 6.7 48.3
   18 18 3402 0.244 76 6.4 51.1
   19 19 1531 0.237 83 7.3 63.1
   20 20 2315 0.201 77 7 62.5
   21 21 3453 0.219 87 7 53.3
   22 22 2548 0.216 83 6.9 54.9
   23 23 2589 0.231 81 7 57.9
   24 24 2333 0.249 105 6.4 23.7
   25 25 2293 0.242 85 7.2 58.8
   26 26 1169 0.243 92 6.6 40
   27 27 3437 0.236 79 6.5 51.2
   28 28 1669 0.224 69 6.2 54.7
   29 29 2803 0.244 83 6.8 51.7
   30 30 2328 0.236 101 7.2 43.3
   31 31 1210 0.232 66 6.5 64.6
   32 32 2584 0.221 80 6.8 55.9
   33 33 2520 0.225 100 7.2 42.9
   34 34 1242 0.231 84 7.1 57
   35 35 1219 0.216 88 6.9 50.2
   36 36 2497 0.214 92 6.8 43.7
   37 37 2594 0.234 104 6.5 25.3
   38 38 1830 0.261 61 6.1 61.6
   39 39 2306 0.228 87 7 52.2
   40 40 2543 0.243 80 7.1 62.3
   41 41 3025 0.227 108 7.2 36.6
   42 42 971 0.241 92 6.7 43
