
                               #ME1_3 number 17.

#02-DEC-2014 , 22:14:54 (Geneva time)

   #N AFEB pos. AFEB num. Int.cap.(pF) U(mv)20fc Gain Offset
   1 1 6264 0.242 67 7.1 74.5
   2 2 6630 0.229 94 7.1 47.3
   3 3 6303 0.231 84 6.8 51.9
   4 4 6218 0.242 89 7 51.7
   5 5 6238 0.203 79 7.2 65.2
   6 6 6341 0.283 75 6.9 63.2
   7 7 6235 0.226 60 7.1 82.4
   8 8 6221 0.245 72 6.8 63.2
   9 9 6305 0.222 92 7.4 56.1
   10 10 6260 0.243 81 6.9 56.9
   11 11 6810 0.253 97 6.8 39.1
   12 12 6351 0.227 93 6.5 36.1
