
                             #ME234_2 number 139.

#02-DEC-2014 , 22:15:29 (Geneva time)

   #N AFEB pos. AFEB num. Int.cap.(pF) U(mv)20fc Gain Offset
   1 1 5219 0.263 109 6.8 27.4
   2 2 5606 0.236 79 7.1 62.1
   3 3 5232 0.237 81 6.9 58.1
   4 4 5020 0.251 97 6 22.4
   5 5 5238 0.23 64 7.1 78
   6 6 5879 0.238 49 7.1 92
   7 7 5218 0.217 75 7.2 68.1
   8 8 5229 0.202 69 6.9 69.7
   9 9 5950 0.235 91 7.1 51
   10 10 5897 0.215 106 6.9 32.2
   11 11 5973 0.237 96 6.6 36.3
   12 12 6069 0.236 64 7 75.8
   13 13 6034 0.226 88 7.4 59.7
   14 14 6065 0.229 87 6.7 46.8
   15 15 6011 0.248 65 7 75.4
   16 16 5217 0.248 47 6.6 83.9
   17 17 5058 0.22 82 6.4 45.9
   18 18 5890 0.237 50 6.5 80.5
   19 19 5323 0.238 91 7.3 55.1
   20 20 5986 0.23 72 7.1 70.4
   21 21 5175 0.252 70 6.9 67.1
   22 22 5159 0.21 59 6.9 79.3
   23 23 5830 0.207 98 6.9 40.9
   24 24 6000 0.252 50 7.1 92.3
