
                               #ME3_1 number 32.

#02-DEC-2014 , 22:15:36 (Geneva time)

   #N AFEB pos. AFEB num. Int.cap.(pF) U(mv)20fc Gain Offset
   1 1 636 0.228 107 7.2 36
   2 2 593 0.291 108 6.5 23
   3 3 1336 0.228 79 7.1 62.6
   4 4 1342 0.237 92 7.2 51
   5 5 1673 0.243 119 7 21.3
   6 6 1302 0.223 99 7 40.5
   7 7 584 0.282 84 6.6 48.5
   8 8 426 0.232 86 6.8 48.7
   9 9 672 0.26 106 7 34.8
   10 10 504 0.242 73 6.8 63
   11 11 18 0.234 99 6.8 35.7
   12 12 668 0.257 118 6.9 19.7
   13 13 3825 0.257 78 6.7 55.7
   14 14 4066 0.221 73 6.8 62.4
   15 15 1076 0.278 83 6.5 47.5
   16 16 2557 0.27 91 6.5 39.2
   17 17 2846 0.238 94 7.1 48.2
   18 18 1456 0.243 99 6.3 26.9
   19 19 78 0.23 98 6.7 35.7
   20 20 3380 0.231 77 6.9 61.8
   21 21 1153 0.246 86 6.8 48.7
   22 22 994 0.229 113 7 26.4
   23 23 2441 0.244 73 6.9 64.5
   24 24 1555 0.241 62 6.8 73.3
   25 25 709 0.253 95 7.2 48.7
   26 26 409 0.237 118 6.8 18.7
   27 27 2887 0.242 84 7.2 59.4
   28 28 1495 0.232 56 6.5 74.4
   29 29 2982 0.238 68 6.8 67.6
   30 30 3003 0.24 88 6.8 46.8
   31 31 500 0.274 88 6.6 44.8
   32 32 43 0.233 114 7.1 28.1
   33 33 1697 0.212 73 6.3 53
   34 34 2297 0.241 101 6.8 35.2
   35 35 1744 0.216 62 6.4 67
   36 36 110 0.276 104 6.8 31.5
