
                               #ME4_1 number 14.

#02-DEC-2014 , 22:15:39 (Geneva time)

   #N AFEB pos. AFEB num. Int.cap.(pF) U(mv)20fc Gain Offset
   1 1 11060 0.219 101 7.1 40.6
   2 2 431 0.243 93 6.5 36.5
   3 3 9772 0.202 90 7 51.1
   4 4 9760 0.23 52 6.2 72.4
   5 5 7276 0.234 109 6.8 26.4
   6 6 8266 0.228 60 6.3 66.3
   7 7 9770 0.205 48 7 92.6
   8 8 5797 0.223 81 6.9 57.9
   9 9 9689 0.246 54 7 85.7
   10 10 9103 0.268 81 6.9 57
   11 11 9332 0.232 96 6.8 40.7
   12 12 2826 0.232 92 6.7 41.6
   13 13 9694 0.205 60 6.9 78.1
   14 14 4403 0.211 74 6.6 58
   15 15 4223 0.209 84 6.9 53.7
   16 16 6592 0.239 85 6.4 44.4
   17 17 6586 0.214 87 6.6 44.2
   18 18 9181 0.217 131 7.2 13.1
   19 19 4129 0.212 83 6.8 52.4
   20 20 3347 0.225 83 6.1 39.2
   21 21 9025 0.222 75 7.6 76.5
   22 22 6165 0.224 78 7 62.1
   23 23 6673 0.288 99 6.3 26.9
   24 24 4163 0.254 58 7.5 91.8
   25 25 5483 0.244 47 6.3 79.5
   26 26 1688 0.237 105 6.7 28.3
   27 27 9216 0.249 69 6.6 63.2
   28 28 3941 0.245 52 6.7 81.5
   29 29 5873 0.228 49 6.8 86.9
   30 30 8375 0.211 98 7.2 46.1
   31 31 7478 0.239 103 6.9 35.7
   32 32 4105 0.238 52 6.9 86.9
   33 33 8812 0.215 101 7.1 40.1
   34 34 6771 0.226 94 6.8 42.1
   35 35 3454 0.223 84 6.1 38.1
   36 36 7620 0.23 93 6.8 41.7
