
                              #ME234_2 number 91.

#02-DEC-2014 , 22:15:22 (Geneva time)

   #N AFEB pos. AFEB num. Int.cap.(pF) U(mv)20fc Gain Offset
   1 1 4000 0.215 107 6.7 27.2
   2 2 4015 0.22 111 7 28.7
   3 3 4505 0.243 87 6.6 44.7
   4 4 5593 0.247 92 6.3 33.3
   5 5 4274 0.24 94 6.8 42.2
   6 6 8447 0.246 99 6.5 30.3
   7 7 1115 0.216 83 6.8 54.2
   8 8 7739 0.247 118 7.1 23
   9 9 6012 0.225 84 6.9 54.3
   10 10 5661 0.22 89 6.9 49.5
   11 11 8354 0.225 91 7 49.9
   12 12 8464 0.267 94 6.4 34.9
   13 13 8319 0.227 96 6.6 36.9
   14 14 4062 0.226 98 6.9 40.2
   15 15 4004 0.219 114 7 26.4
   16 16 4496 0.245 91 6.9 47.4
   17 17 8561 0.239 95 7.1 45.6
   18 18 4498 0.241 81 6.7 53.5
   19 19 4376 0.226 98 6.9 39.8
   20 20 3913 0.253 89 6.7 45.5
   21 21 8388 0.222 72 6.2 51.7
   22 22 8463 0.215 90 6.9 47.9
   23 23 8466 0.204 112 7.3 34
   24 24 8421 0.232 91 6.5 38.3
