
                               #ME1_3 number 1.

#02-DEC-2014 , 22:14:52 (Geneva time)

   #N AFEB pos. AFEB num. Int.cap.(pF) U(mv)20fc Gain Offset
   1 1 6622 0.243 72 6.7 61.7
   2 2 6021 0.238 98 6.4 30.7
   3 3 6709 0.224 46 7.2 96.8
   4 4 4801 0.243 81 6.6 49.7
   5 5 5010 0.229 68 6.7 66.1
   6 6 4903 0.248 70 7.2 74.6
   7 7 4942 0.202 77 7.2 66.8
   8 8 4902 0.209 82 7.1 59.5
   9 9 6318 0.205 67 7.2 78
   10 10 6163 0.208 43 7 97.7
   11 11 6671 0.242 80 7.1 63
   12 12 6641 0.248 63 6.9 74.8
