
                               #ME1_2 number 57.

#02-DEC-2014 , 22:14:50 (Geneva time)

   #N AFEB pos. AFEB num. Int.cap.(pF) U(mv)20fc Gain Offset
   1 1 9207 0.203 81 7.1 61.1
   2 2 7985 0.24 96 7.1 45.4
   3 3 6247 0.251 66 6.9 72.1
   4 4 8074 0.212 68 7.1 73
   5 5 6490 0.249 91 6.9 46.9
   6 6 6078 0.212 102 7 37.7
   7 7 8798 0.218 83 7.3 62
   8 8 8608 0.238 58 6.5 72.4
   9 9 8606 0.236 80 7.2 63.7
   10 10 7574 0.239 52 6.7 81.7
   11 11 8630 0.237 76 7.3 69.1
   12 12 8850 0.244 81 6.9 58.4
   13 13 8804 0.252 85 6.7 48
   14 14 3881 0.214 70 7.1 72.2
   15 15 7527 0.248 76 6.8 60.5
   16 16 7557 0.284 69 7.1 73.6
   17 17 3985 0.249 77 6.9 61
   18 18 8904 0.249 68 6.8 68.6
   19 19 8618 0.221 84 6.5 46.9
   20 20 7528 0.259 77 7.4 70.3
   21 21 7275 0.227 76 7.1 65.7
   22 22 8849 0.215 71 6.2 53.2
   23 23 7474 0.266 111 7.3 34.4
   24 24 7291 0.23 79 7.5 70
