
                             #ME234_2 number 209.

#02-DEC-2014 , 22:39:14 (Geneva time)

   #N AFEB pos. AFEB num. Int.cap.(pF) U(mv)20fc Gain Offset
   1 1 8307 0.239 88 7.2 55
   2 2 8682 0.25 75 6.2 49.6
   3 3 9679 0.258 64 6.7 69.6
   4 4 8202 0.235 73 7.1 68.3
   5 5 8678 0.232 73 7.1 69.2
   6 6 8177 0.238 79 6.5 50.2
   7 7 8259 0.23 70 7 69.6
   8 8 10573 0.247 115 6.9 23.9
   9 9 8233 0.237 77 7.1 64.9
   10 10 8292 0.208 53 6.7 81.7
   11 11 8780 0.241 79 6.9 59.3
   12 12 8222 0.23 83 7.3 63
   13 13 9072 0.236 70 6.6 62.6
   14 14 8768 0.234 63 7.2 80.6
   15 15 8286 0.221 62 7 77.8
   16 16 8370 0.213 80 6.7 53.2
   17 17 9680 0.226 80 7 60
   18 18 8176 0.259 81 6.7 52.1
   19 19 8204 0.243 86 6.9 52.1
   20 20 8288 0.234 73 6.4 54.5
   21 21 9073 0.229 95 6.8 42.2
   22 22 8291 0.246 92 7.3 54
   23 23 8274 0.246 94 6.8 42
   24 24 8179 0.247 63 6.8 72.6
