
                               #ME1_2 number 52.

#02-DEC-2014 , 22:14:49 (Geneva time)

   #N AFEB pos. AFEB num. Int.cap.(pF) U(mv)20fc Gain Offset
   1 1 6526 0.233 54 7 87.2
   2 2 5178 0.203 73 7.2 71
   3 3 6517 0.242 84 6.5 45.6
   4 4 6135 0.238 104 7.4 43.8
   5 5 6572 0.231 45 6.3 81.4
   6 6 6030 0.229 86 7.2 59.4
   7 7 4436 0.252 84 7 55.3
   8 8 4086 0.247 86 6.9 51.7
   9 9 8468 0.244 82 6.7 52.2
   10 10 7163 0.25 87 7.1 55.1
   11 11 5445 0.207 112 7.2 32.6
   12 12 1715 0.218 56 6.3 69.4
   13 13 6006 0.23 66 7 73.8
   14 14 5949 0.209 117 7 23.5
   15 15 7700 0.234 85 7.2 57.7
   16 16 9642 0.234 57 6.3 68.4
   17 17 7145 0.21 87 6.9 50.4
   18 18 4362 0.239 41 6.1 81.9
   19 19 7918 0.219 61 6.5 68.6
   20 20 6016 0.258 76 7.2 66.8
   21 21 8807 0.256 75 7 64.1
   22 22 4071 0.222 93 6.9 44.2
   23 23 7252 0.263 71 6.4 57
   24 24 5489 0.243 81 6.3 43.8
