
                             #ME234_2 number 253.

#02-DEC-2014 , 22:39:16 (Geneva time)

   #N AFEB pos. AFEB num. Int.cap.(pF) U(mv)20fc Gain Offset
   1 1 12080086 0.2167 90.5 6.85 46.41
   2 2 12080582 0.2126 91.23 6.87 46.18
   3 3 12080258 0.2274 72.73 6.72 61.65
   4 4 12080572 0.2342 108.47 7.22 35.95
   5 5 12080109 0.2065 90.64 6.97 48.84
   6 6 12080237 0.2122 80.29 7.14 62.6
   7 7 12080436 0.2391 36.77 6.93 101.82
   8 8 12080505 0.2016 98.73 6.91 39.41
   9 9 12080100 0.2206 88.43 7.05 52.63
   10 10 12080630 0.209 92.9 7.19 50.95
   11 11 12080467 0.2395 63.23 4.97 36.09
   12 12 12080688 0.2233 102.52 7.02 37.96
   13 13 12080067 0.2112 69.27 7.09 72.55
   14 14 12080514 0.218 96.73 6.95 42.2
   15 15 12080669 0.2398 77.48 6.67 56.02
   16 16 12080632 0.2158 76.19 7.32 70.23
   17 17 12080721 0.2052 129.31 6.91 8.81
   18 18 12080325 0.2308 73.24 6.78 62.39
   19 19 12080543 0.2061 106.02 6.93 32.54
   20 20 12080069 0.2068 82.48 7.06 58.68
   21 21 12080680 0.1974 113.19 7.01 27.05
   22 22 12080400 0.2116 64.77 7.18 78.88
   23 23 12080101 0.216 72.29 7.12 70.03
   24 24 12080614 0.2033 94.23 7.13 48.34
