
                               #ME1_2 number 47.

#02-DEC-2014 , 22:14:48 (Geneva time)

   #N AFEB pos. AFEB num. Int.cap.(pF) U(mv)20fc Gain Offset
   1 1 5041 0.247 94 6.4 35.1
   2 2 4793 0.248 51 7.1 91.4
   3 3 4933 0.243 53 7.5 97
   4 4 4906 0.215 86 7.2 59.2
   5 5 4886 0.239 72 7.2 72.4
   6 6 4770 0.216 67 7.1 73.8
   7 7 5477 0.217 57 6.9 81.3
   8 8 5479 0.216 69 6.9 69.9
   9 9 5787 0.238 72 6.9 65.6
   10 10 5786 0.241 86 6.8 49.3
   11 11 5724 0.212 69 6.8 67.8
   12 12 5523 0.241 75 7.2 69.2
   13 13 5785 0.244 62 6.6 70.2
   14 14 5537 0.236 77 6.9 60.7
   15 15 5726 0.21 91 7.1 50.9
   16 16 5597 0.224 110 6.9 27.1
   17 17 5791 0.227 84 6.7 49.5
   18 18 5434 0.23 75 6.8 60
   19 19 5775 0.237 73 7 67.3
   20 20 5731 0.217 68 6.7 65.5
   21 21 4265 0.237 86 6.8 50.5
   22 22 4284 0.234 82 6.8 54.9
   23 23 7222 0.202 63 7.4 84.7
   24 24 4380 0.265 86 7 54.8
