
                               #ME2_1 number 26.

#02-DEC-2014 , 22:15:06 (Geneva time)

   #N AFEB pos. AFEB num. Int.cap.(pF) U(mv)20fc Gain Offset
   1 1 617 0.283 101 6.6 31
   2 2 175 0.289 99 6.5 30.8
   3 3 164 0.285 95 7.2 48.8
   4 4 3252 0.239 78 7.1 63.6
   5 5 2340 0.243 68 6.6 64.6
   6 6 3200 0.227 82 6.3 44.6
   7 7 266 0.274 100 6.6 31
   8 8 634 0.248 127 7.1 15.8
   9 9 676 0.26 81 7.6 71.7
   10 10 228 0.272 83 6.8 52.7
   11 11 329 0.242 104 7 36.6
   12 12 472 0.231 76 6.8 60.2
   13 13 255 0.242 101 6.8 35.3
   14 14 247 0.226 110 6.9 27.8
   15 15 301 0.288 98 6.4 30.6
   16 16 2956 0.211 63 7.2 81.9
   17 17 2782 0.238 112 7.1 30.7
   18 18 569 0.277 70 6.8 66.3
   19 19 1572 0.229 73 7 67.1
   20 20 3221 0.238 70 6.9 68.1
   21 21 1807 0.251 87 6.7 46.1
   22 22 279 0.286 72 6.5 57.6
   23 23 3554 0.228 76 6.4 52.8
   24 24 1480 0.251 80 6.2 42.9
   25 25 658 0.247 101 6.9 35.8
   26 26 794 0.294 74 6.6 57.8
   27 27 663 0.256 122 6.9 16.5
   28 28 1300 0.255 110 7.1 31.9
   29 29 2774 0.241 87 6.4 41.8
   30 30 3636 0.238 93 7.3 54.1
   31 31 2538 0.247 84 7 55.1
   32 32 3088 0.25 101 6.9 36.7
   33 33 3446 0.209 74 7.1 67.7
   34 34 108 0.243 112 6.8 24.4
   35 35 4336 0.234 52 6.7 82
   36 36 2400 0.237 67 6.8 69.8
   37 37 2788 0.238 104 7 36.5
   38 38 3585 0.254 88 6.5 41.8
   39 39 770 0.299 67 6.7 67.5
   40 40 3217 0.228 69 7.4 78.6
   41 41 3615 0.247 76 6.7 57.1
   42 42 1630 0.278 88 7.5 62.6
