
                              #ME234_2 number 63.

#02-DEC-2014 , 22:15:17 (Geneva time)

   #N AFEB pos. AFEB num. Int.cap.(pF) U(mv)20fc Gain Offset
   1 1 1478 0.203 76 7.2 67.3
   2 2 4276 0.236 71 6.8 66.1
   3 3 1571 0.243 64 6.5 66.6
   4 4 1483 0.213 81 7 58.7
   5 5 1730 0.214 74 6.4 54.5
   6 6 1751 0.229 72 6.2 51.9
   7 7 1817 0.264 72 6.5 57.1
   8 8 1838 0.256 71 7.1 71.3
   9 9 1553 0.208 72 6.8 64
   10 10 1756 0.277 73 7 66.2
   11 11 1762 0.242 78 7 61.9
   12 12 1855 0.244 88 7.2 55.2
   13 13 1797 0.227 47 6.4 80.7
   14 14 1819 0.244 83 6.7 50.7
   15 15 1813 0.227 64 6.3 61.6
   16 16 1496 0.232 75 7 65.6
   17 17 1346 0.214 75 6.9 63.4
   18 18 1563 0.251 83 6.8 51.6
   19 19 1541 0.237 73 6.9 65.1
   20 20 1417 0.224 68 7.1 73.6
   21 21 1301 0.239 71 6.2 53.6
   22 22 4183 0.253 75 6.8 61.8
   23 23 1427 0.222 73 7.1 68.9
   24 24 12 0.237 84 7.2 59.2
