
                             #ME234_2 number 102.

#02-DEC-2014 , 22:15:23 (Geneva time)

   #N AFEB pos. AFEB num. Int.cap.(pF) U(mv)20fc Gain Offset
   1 1 1443 0.229 83 7 55.8
   2 2 1447 0.203 67 6.8 69.2
   3 3 1290 0.234 89 7.2 55.6
   4 4 3519 0.264 91 7.2 52.8
   5 5 3543 0.23 52 6.8 85.5
   6 6 3381 0.211 77 6.8 58.9
   7 7 1471 0.22 68 7.1 74.8
   8 8 3430 0.223 75 7 65.5
   9 9 1316 0.245 56 6.2 68.8
   10 10 3317 0.238 73 6.5 57.3
   11 11 1216 0.226 49 6.9 88.8
   12 12 1333 0.237 77 7.2 65.8
   13 13 1327 0.221 84 7.2 59.4
   14 14 1537 0.25 85 6.8 50.6
   15 15 3300 0.24 68 6.5 61.5
   16 16 2549 0.234 57 7.1 85.4
   17 17 3062 0.248 88 7 51.8
   18 18 3123 0.234 80 7.3 65.2
   19 19 3371 0.232 63 7.1 78.1
   20 20 3491 0.205 79 7.4 68.1
   21 21 3078 0.238 57 6.9 81.8
   22 22 3579 0.252 70 6.2 55.3
   23 23 3141 0.237 69 7 71.1
   24 24 2595 0.254 88 7.2 56.1
