
                               #ME1_3 number 40.

#02-DEC-2014 , 22:14:56 (Geneva time)

   #N AFEB pos. AFEB num. Int.cap.(pF) U(mv)20fc Gain Offset
   1 1 8327 0.23 60 7.1 81.1
   2 2 6982 0.239 86 7.1 56.5
   3 3 8504 0.233 76 7 63.5
   4 4 8965 0.222 106 6.8 29.3
   5 5 8981 0.231 79 7.1 64.1
   6 6 6689 0.23 80 6.9 59.2
   7 7 8946 0.216 78 6.8 58.8
   8 8 8969 0.243 80 7.2 63.5
   9 9 8919 0.227 75 7.1 68.1
   10 10 8422 0.226 76 6.8 59.5
   11 11 8714 0.254 88 6.8 47.7
   12 12 8996 0.237 90 6.9 49.3
