
                             #ME234_2 number 272.

#02-DEC-2014 , 22:39:19 (Geneva time)

   #N AFEB pos. AFEB num. Int.cap.(pF) U(mv)20fc Gain Offset
   1 1 5548 0.251 84 7.2 59.2
   2 2 5473 0.231 74 7.1 68.5
   3 3 5747 0.247 99 7 40.5
   4 4 5750 0.247 97 7.1 45.6
   5 5 5100 0.235 47 6.4 81.1
   6 6 5876 0.24 84 6.9 53.4
   7 7 5877 0.241 88 6.3 38.3
   8 8 5447 0.246 60 7.1 82.2
   9 9 5551 0.244 68 6.8 67.9
   10 10 6915 0.242 69 6.8 66.1
   11 11 5741 0.248 67 7.1 74.5
   12 12 6275 0.228 96 6.9 42.3
   13 13 5760 0.24 82 7.2 61.2
   14 14 6808 0.256 87 6.8 50.6
   15 15 5878 0.22 96 7 44.4
   16 16 5504 0.263 75 7 65.9
   17 17 5448 0.251 64 6.8 71.2
   18 18 6896 0.245 88 6.7 46.7
   19 19 10948 0.221 91 7.3 53.8
   20 20 6901 0.235 92 7 48.4
   21 21 5770 0.234 79 6.8 57
   22 22 5752 0.242 79 7.2 64.6
   23 23 5444 0.233 81 7 57.7
   24 24 5555 0.228 62 7.2 81
