
                               #ME1_2 number 17.

#02-DEC-2014 , 22:14:44 (Geneva time)

   #N AFEB pos. AFEB num. Int.cap.(pF) U(mv)20fc Gain Offset
   1 1 4782 0.226 93 7.1 49.4
   2 2 4800 0.212 75 7.1 67.6
   3 3 4771 0.2 91 7 49.6
   4 4 4815 0.228 57 7.1 85.5
   5 5 4812 0.255 68 7.2 75.3
   6 6 4763 0.252 67 7.1 74.8
   7 7 7306 0.235 44 6.4 83.3
   8 8 7218 0.233 53 7.2 92.1
   9 9 1745 0.249 104 6.9 33.6
   10 10 5748 0.232 82 6.6 51.1
   11 11 5729 0.205 96 7 43.7
   12 12 5719 0.212 93 7 48.1
   13 13 5521 0.23 85 7.1 56.1
   14 14 5532 0.232 73 6.9 65.3
   15 15 5722 0.255 94 6.8 41.7
   16 16 1412 0.216 91 7 48.8
   17 17 1814 0.253 83 7.4 65.6
   18 18 4260 0.243 66 6.7 68.5
   19 19 5730 0.218 62 6.7 71.7
   20 20 5614 0.232 86 6.7 47.4
   21 21 5780 0.228 82 7 57.9
   22 22 1766 0.249 104 7.2 39.2
   23 23 1589 0.231 119 7.2 24.3
   24 24 5613 0.233 67 7.3 79.5
