
                               #ME3_1 number 1.

#02-DEC-2014 , 22:15:30 (Geneva time)

   #N AFEB pos. AFEB num. Int.cap.(pF) U(mv)20fc Gain Offset
   1 1 3442 0.201 57 7 83.2
   2 2 3477 0.226 78 6.3 48.5
   3 3 3102 0.237 51 6.9 87
   4 4 3213 0.257 97 7.2 45.9
   5 5 2901 0.232 94 6.6 39.1
   6 6 3262 0.23 91 6.9 47.1
   7 7 3045 0.234 76 6.9 61
   8 8 3253 0.227 76 6.3 50.8
   9 9 3098 0.228 66 6.2 57.5
   10 10 2986 0.235 114 7 26.2
   11 11 1592 0.231 101 6.7 33.5
   12 12 3226 0.235 75 6.6 56.1
   13 13 4324 0.245 69 6.8 66.6
   14 14 3667 0.253 103 6.8 33.5
   15 15 3140 0.222 88 7.2 54.9
   16 16 2833 0.234 88 7 52.7
   17 17 3530 0.238 56 6.5 73.4
   18 18 3559 0.222 92 6.3 34.1
   19 19 3472 0.245 72 7.3 74.2
   20 20 3646 0.209 101 6.9 36.9
   21 21 3563 0.23 106 6.8 31.4
   22 22 3189 0.25 96 6.5 34
   23 23 3650 0.249 87 6.7 46.3
   24 24 3033 0.211 91 7.3 54.2
   25 25 3053 0.236 83 7.1 59.6
   26 26 2604 0.23 113 6.7 20.1
   27 27 3629 0.235 79 7.3 68.4
   28 28 4342 0.228 86 6.9 50.7
   29 29 3416 0.215 96 7.4 53.2
   30 30 3599 0.234 73 6.4 54.8
   31 31 3077 0.22 82 6.3 43.9
   32 32 2952 0.203 97 7.2 46.2
   33 33 2608 0.223 111 6.4 18.2
   34 34 3490 0.231 68 6.4 60.2
   35 35 2479 0.262 55 6.8 79.8
   36 36 4619 0.253 95 6.6 37.4
