
                              #ME234_2 number 68.

#02-DEC-2014 , 22:15:18 (Geneva time)

   #N AFEB pos. AFEB num. Int.cap.(pF) U(mv)20fc Gain Offset
   1 1 9664 0.229 63 6.6 67.9
   2 2 7722 0.241 61 6.7 73
   3 3 7634 0.228 93 6.9 44.7
   4 4 9433 0.249 99 6.4 29
   5 5 9639 0.257 78 6 42.3
   6 6 9499 0.261 85 7.3 60.4
   7 7 9347 0.231 83 7 57.8
   8 8 5572 0.213 100 6.9 38.1
   9 9 5691 0.247 59 7 80.5
   10 10 9525 0.21 103 7.3 42.6
   11 11 9381 0.224 91 6.3 35
   12 12 3408 0.223 93 7.3 52.6
   13 13 9653 0.237 86 6.5 43.4
   14 14 9561 0.241 71 6.2 51.6
   15 15 9542 0.229 49 6.5 81.2
   16 16 9559 0.245 90 6.1 32.8
   17 17 9557 0.229 57 6.2 66.5
   18 18 9355 0.227 58 6.7 74.9
   19 19 3320 0.244 67 7 73.3
   20 20 9582 0.24 68 6 51.7
   21 21 9647 0.234 93 6.7 40.5
   22 22 9621 0.226 113 6.7 21.5
   23 23 9661 0.211 79 6.8 57.6
   24 24 9585 0.243 83 6.9 55.8
