
                             #ME234_2 number 137.

#02-DEC-2014 , 22:15:28 (Geneva time)

   #N AFEB pos. AFEB num. Int.cap.(pF) U(mv)20fc Gain Offset
   1 1 5147 0.24 98 6.9 39.8
   2 2 5317 0.226 92 7.2 52.8
   3 3 6014 0.234 83 6.6 48.7
   4 4 5054 0.238 83 6.2 40.8
   5 5 4820 0.249 77 7.5 72.5
   6 6 6013 0.213 117 7 24.1
   7 7 5883 0.239 64 6.7 70.4
   8 8 5292 0.24 81 6.8 55.7
   9 9 5987 0.245 66 6.7 67.3
   10 10 5812 0.232 86 7 54.8
   11 11 5320 0.242 87 7.2 56.7
   12 12 5988 0.257 80 7.2 64.3
   13 13 5197 0.225 74 7.6 77.5
   14 14 5161 0.229 66 6.8 70.6
   15 15 6064 0.227 59 6.7 75.4
   16 16 5258 0.219 76 6.8 60.9
   17 17 6025 0.22 59 7.1 83.2
   18 18 5889 0.267 119 6.3 5.9
   19 19 5160 0.233 63 7 76.8
   20 20 6005 0.295 80 6.9 57.9
   21 21 5971 0.212 64 6.7 69.1
   22 22 6067 0.228 66 7.1 76.3
   23 23 6015 0.249 56 7.3 91.2
   24 24 5964 0.24 67 7.1 74.4
