
                             #ME234_2 number 105.

#02-DEC-2014 , 22:15:24 (Geneva time)

   #N AFEB pos. AFEB num. Int.cap.(pF) U(mv)20fc Gain Offset
   1 1 9497 0.226 72 7 67.5
   2 2 9539 0.258 126 7.7 27.1
   3 3 9392 0.236 100 6.8 36
   4 4 9575 0.261 91 6.6 40.9
   5 5 9441 0.22 71 6.9 66.1
   6 6 9540 0.238 89 6.9 50.2
   7 7 9351 0.234 65 6.4 62.8
   8 8 9459 0.248 73 6.5 56.2
   9 9 9584 0.232 93 6.3 33.3
   10 10 9455 0.274 95 6.8 41.8
   11 11 9581 0.232 71 6.4 56.3
   12 12 9349 0.224 91 7 48.4
   13 13 9450 0.234 117 7 23.7
   14 14 9636 0.268 94 6.5 36.1
   15 15 9512 0.223 64 6.3 62.4
   16 16 9622 0.2 71 7.1 70.5
   17 17 9454 0.23 65 6.3 61.2
   18 18 9589 0.256 91 6.5 39.3
   19 19 9002 0.235 89 7.2 54.9
   20 20 9458 0.255 60 6.8 76.2
   21 21 9633 0.229 96 7.7 56.7
   22 22 9570 0.215 79 6.9 58.8
   23 23 9445 0.247 92 7.4 56.9
   24 24 5707 0.251 62 6.8 73.6
