
                               #ME1_3 number 28.

#02-DEC-2014 , 22:14:55 (Geneva time)

   #N AFEB pos. AFEB num. Int.cap.(pF) U(mv)20fc Gain Offset
   1 1 9060 0.233 78 6.6 55.4
   2 2 9846 0.234 55 6.8 82
   3 3 9004 0.236 76 6.9 63.2
   4 4 9085 0.222 68 7.2 75.4
   5 5 9808 0.249 76 6.9 61.9
   6 6 9816 0.246 73 6.8 62.5
   7 7 9019 0.255 85 7.1 56.8
   8 8 9159 0.232 87 6.5 42.2
   9 9 9725 0.219 108 6.9 29.6
   10 10 9089 0.239 84 6.4 44.8
   11 11 9897 0.231 66 7.1 75.8
   12 12 9894 0.234 79 7.1 62.1
