
                               #ME2_1 number 12.

#02-DEC-2014 , 22:15:03 (Geneva time)

   #N AFEB pos. AFEB num. Int.cap.(pF) U(mv)20fc Gain Offset
   1 1 1990 0.221 100 7 40.5
   2 2 1974 0.218 67 6.3 59.5
   3 3 1967 0.219 96 6.9 43.3
   4 4 2714 0.221 79 7.4 69.2
   5 5 2749 0.237 116 7.3 30.5
   6 6 1867 0.215 74 7.4 75
   7 7 1943 0.222 76 7.1 65.5
   8 8 1863 0.213 82 6.9 56
   9 9 1883 0.23 69 7 70
   10 10 1866 0.249 95 7 45.3
   11 11 1911 0.258 81 6.6 49.8
   12 12 2649 0.236 85 7.3 61.3
   13 13 1910 0.228 90 6.2 35.3
   14 14 1887 0.21 93 6.9 44.5
   15 15 2644 0.25 98 6.9 39.7
   16 16 1950 0.215 94 7 46.4
   17 17 1986 0.218 80 7.3 67
   18 18 2661 0.247 74 6.6 59
   19 19 2753 0.248 72 7.1 69.7
   20 20 1904 0.229 54 6.4 73.7
   21 21 2158 0.259 83 7.5 67.5
   22 22 1907 0.229 81 6.9 57.7
   23 23 1869 0.228 77 7.5 73.2
   24 24 2658 0.202 77 7 63.1
   25 25 1876 0.233 83 6.9 55.5
   26 26 1976 0.218 86 7.2 57.9
   27 27 1955 0.23 119 6.9 18.6
   28 28 1899 0.286 84 6.9 54
   29 29 2593 0.215 117 7.6 35.3
   30 30 1864 0.22 103 7 37.4
   31 31 1969 0.233 110 6.9 28.3
   32 32 2265 0.225 69 7.3 76
   33 33 1936 0.226 65 6.4 63.5
   34 34 1953 0.231 49 6.8 86.5
   35 35 2726 0.22 98 6.9 39.5
   36 36 2205 0.242 119 6.9 18.8
   37 37 1966 0.205 119 7 21.1
   38 38 1937 0.23 65 7.1 76
   39 39 1987 0.255 77 6.4 50.1
   40 40 2682 0.244 69 7.3 78.4
   41 41 1913 0.245 77 6.6 55.3
   42 42 2170 0.23 105 7.2 39.3
