
                             #ME234_2 number 142.

#02-DEC-2014 , 22:15:29 (Geneva time)

   #N AFEB pos. AFEB num. Int.cap.(pF) U(mv)20fc Gain Offset
   1 1 5141 0.249 88 6.8 47.8
   2 2 5892 0.237 91 6.9 46.6
   3 3 5372 0.201 108 7.1 33.4
   4 4 5228 0.235 83 7 57.5
   5 5 5819 0.245 54 6.8 81.2
   6 6 5961 0.241 65 6.8 71.3
   7 7 5173 0.246 61 7.1 80.7
   8 8 5913 0.241 80 7 60
   9 9 5882 0.259 64 6.2 60.6
   10 10 5947 0.25 86 7.4 62.2
   11 11 6084 0.263 89 6.8 47.1
   12 12 5829 0.25 62 6.8 74.3
   13 13 5337 0.243 70 6.9 68.5
   14 14 6002 0.229 78 7 61.4
   15 15 5976 0.214 85 6.9 52.5
   16 16 5285 0.216 71 7.2 72.3
   17 17 5837 0.219 80 7 59.9
   18 18 5884 0.228 68 7.1 75.3
   19 19 6050 0.252 83 6.5 47.4
   20 20 5253 0.228 85 7.2 58.2
   21 21 5831 0.237 79 6.5 50.7
   22 22 5361 0.233 73 6.5 58.3
   23 23 5180 0.236 73 7.1 68.9
   24 24 5825 0.23 84 6.9 53.9
