
                               #ME2_1 number 18.

#02-DEC-2014 , 22:15:04 (Geneva time)

   #N AFEB pos. AFEB num. Int.cap.(pF) U(mv)20fc Gain Offset
   1 1 7906 0.225 67 7.4 81.3
   2 2 8151 0.225 83 6.9 54.3
   3 3 4056 0.232 104 7.1 37.1
   4 4 7991 0.235 108 6.9 29.9
   5 5 3749 0.235 80 6.9 58.3
   6 6 4033 0.251 79 6.2 46
   7 7 7935 0.217 71 6.4 56.6
   8 8 3756 0.243 62 6.7 72.6
   9 9 4007 0.247 75 6.8 60.6
   10 10 8024 0.251 61 6.1 60.6
   11 11 3757 0.226 73 7 66.6
   12 12 3762 0.247 93 6.8 42.5
   13 13 3901 0.279 63 7 75.9
   14 14 3779 0.26 66 7.1 76.4
   15 15 3921 0.258 59 7.1 82.1
   16 16 4039 0.235 82 6.8 53.8
   17 17 8040 0.216 84 6.9 53.3
   18 18 3741 0.239 113 6.6 18.2
   19 19 3854 0.258 93 7.1 48.4
   20 20 3717 0.238 62 7 77.3
   21 21 3722 0.269 83 6.9 54.7
   22 22 7992 0.248 83 6.4 45.7
   23 23 3853 0.229 84 7.3 63.2
   24 24 7896 0.217 63 7.1 77.8
   25 25 4021 0.24 71 6.8 65
   26 26 3676 0.259 81 6.6 51.3
   27 27 4023 0.225 77 7.1 63.7
   28 28 7962 0.246 70 7.1 70.8
   29 29 3769 0.284 50 6.8 85.9
   30 30 8031 0.266 57 6.1 65.9
   31 31 3957 0.233 64 6.7 70.6
   32 32 8087 0.236 85 6.9 52.6
   33 33 8039 0.235 83 7 57
   34 34 7940 0.242 87 7.2 56
   35 35 3713 0.226 113 7.1 28.5
   36 36 4025 0.22 82 7.2 61
   37 37 7903 0.231 107 7.2 36.7
   38 38 3764 0.248 86 7.2 57.8
   39 39 3801 0.216 118 7.3 28.2
   40 40 7891 0.218 55 6.8 80.7
   41 41 3778 0.23 59 6.7 74.3
   42 42 7921 0.247 72 7 67.8
