
                               #ME4_1 number 26.

#02-DEC-2014 , 22:15:42 (Geneva time)

   #N AFEB pos. AFEB num. Int.cap.(pF) U(mv)20fc Gain Offset
   1 1 11256 0.241 97 7 42.1
   2 2 11325 0.247 95 6.8 41.5
   3 3 11299 0.215 95 7 46.3
   4 4 11363 0.262 113 6.7 20.4
   5 5 11257 0.225 117 6.9 20.5
   6 6 11273 0.233 126 6.9 12.4
   7 7 11341 0.234 101 6.8 35.3
   8 8 10065 0.224 95 7.4 53.5
   9 9 10077 0.242 101 6.9 36.6
   10 10 11338 0.232 91 6.6 40.8
   11 11 10021 0.242 109 6.8 28
   12 12 11455 0.238 98 7.1 44.2
   13 13 11290 0.234 100 6.9 37.9
   14 14 11288 0.236 104 7 35.2
   15 15 11270 0.231 97 7.1 44.3
   16 16 11253 0.242 103 7 37.1
   17 17 11255 0.252 86 7 54.5
   18 18 11452 0.247 108 6.9 29.4
   19 19 11276 0.244 95 7.1 47.2
   20 20 11356 0.235 90 7 50.2
   21 21 11316 0.219 122 7.1 19.3
   22 22 11410 0.231 117 6.6 14.8
   23 23 11375 0.227 95 7.2 49.4
   24 24 11327 0.265 63 6.8 73.2
   25 25 12124 0.223 122 7.2 22.7
   26 26 11829 0.24 101 7 40.3
   27 27 11370 0.25 121 6.5 8.8
   28 28 11866 0.246 94 7.2 50.4
   29 29 12097 0.267 100 7.4 48.7
   30 30 11984 0.235 107 6.9 31.8
   31 31 12095 0.244 96 6.6 35.4
   32 32 12060 0.233 94 7.1 48
   33 33 12106 0.216 104 6.8 32.6
   34 34 11965 0.252 96 7.1 46.1
   35 35 12069 0.242 101 7.1 40.6
   36 36 12064 0.236 90 6.9 47.4
