
                             #ME234_2 number 221.

#02-DEC-2014 , 22:39:15 (Geneva time)

   #N AFEB pos. AFEB num. Int.cap.(pF) U(mv)20fc Gain Offset
   1 1 3190 0.227 51 7 89.3
   2 2 3017 0.212 74 7.5 74.8
   3 3 3090 0.237 87 7.1 54.4
   4 4 3099 0.239 70 6.2 54.5
   5 5 85 0.291 60 6.4 66.8
   6 6 12063 0.258 94 6.7 39.3
   7 7 3444 0.238 64 7.1 77.1
   8 8 2919 0.243 83 7.3 63.3
   9 9 10960 0.229 104 6.9 34.6
   10 10 10937 0.225 103 7.1 37.8
   11 11 10922 0.238 104 7.3 43.2
   12 12 10950 0.279 90 6.8 46.7
   13 13 3128 0.26 68 7.1 75
   14 14 10871 0.213 103 7 36.8
   15 15 3082 0.244 66 6.8 69.8
   16 16 10961 0.23 61 6.9 78.2
   17 17 10962 0.228 77 6.9 60.5
   18 18 3009 0.266 64 7.5 85.1
   19 19 9017 0.237 64 6.3 62.6
   20 20 11012 0.217 139 7.1 2.2
   21 21 497 0.275 61 6.9 76.2
   22 22 11000 0.241 119 7.3 27.4
   23 23 6331 0.224 98 5.8 18.1
   24 24 8169 0.203 93 6.9 46.2
