
                              #ME234_2 number 3.

#02-DEC-2014 , 22:15:09 (Geneva time)

   #N AFEB pos. AFEB num. Int.cap.(pF) U(mv)20fc Gain Offset
   1 1 2773 0.242 64 6.8 70.6
   2 2 2777 0.243 77 6.5 51.9
   3 3 2787 0.23 80 7 60.1
   4 4 3528 0.234 89 7.4 58.3
   5 5 2415 0.207 88 6.9 51.1
   6 6 147 0.23 107 6.9 30.1
   7 7 3297 0.212 81 7 58
   8 8 2517 0.215 113 6.8 23.6
   9 9 2326 0.23 76 6.9 61.4
   10 10 1167 0.257 83 6.8 52.1
   11 11 1179 0.231 66 7.2 77.7
   12 12 2532 0.278 92 7.4 55.7
   13 13 4333 0.259 56 7 84.3
   14 14 3306 0.244 73 6.9 65.3
   15 15 3609 0.235 72 6.2 52.3
   16 16 3440 0.217 64 7 75.8
   17 17 2619 0.228 69 7.1 72.7
   18 18 3565 0.234 98 6.5 30.9
   19 19 3289 0.231 70 6.5 59.5
   20 20 3092 0.236 74 6.7 59.5
   21 21 2569 0.256 96 6.6 35.3
   22 22 3079 0.245 51 6.8 84.2
   23 23 3419 0.231 81 7 58.6
   24 24 3618 0.233 86 6.8 49.7
