
                               #ME2_1 number 20.

#02-DEC-2014 , 22:15:04 (Geneva time)

   #N AFEB pos. AFEB num. Int.cap.(pF) U(mv)20fc Gain Offset
   1 1 1898 0.214 118 6.9 20
   2 2 2686 0.228 77 7 63.6
   3 3 1902 0.245 110 6.8 27.5
   4 4 2701 0.252 81 6.9 57
   5 5 7176 0.218 112 7.2 31.8
   6 6 1897 0.278 124 7.1 16.7
   7 7 7236 0.224 67 7.2 77.3
   8 8 7399 0.23 68 7 72.9
   9 9 1977 0.238 115 6.6 17.3
   10 10 2702 0.22 91 7.1 50.5
   11 11 8980 0.238 104 6.8 32.5
   12 12 8892 0.239 58 6.8 78.7
   13 13 7344 0.237 83 6.9 54.2
   14 14 8874 0.235 74 7.3 72.4
   15 15 2656 0.215 68 6.9 70.1
   16 16 2665 0.262 87 6.7 48.2
   17 17 8854 0.252 77 7.3 69.2
   18 18 7296 0.216 54 6.9 85.3
   19 19 2657 0.218 88 7 51.5
   20 20 7390 0.257 75 6.9 63.6
   21 21 2708 0.251 59 6.6 73.6
   22 22 7321 0.249 83 7.3 63
   23 23 2707 0.249 77 6.8 58.2
   24 24 8909 0.22 88 7.2 55.4
   25 25 1635 0.231 68 6.5 62.4
   26 26 7288 0.235 65 6.9 73
   27 27 8927 0.216 97 6.9 41.7
   28 28 1230 0.218 118 7 22.6
   29 29 1248 0.232 73 7.1 69.1
   30 30 1289 0.258 72 7.3 73.7
   31 31 1232 0.244 77 6.9 60.9
   32 32 3443 0.21 75 7 64.8
   33 33 1241 0.234 79 6.6 53
   34 34 2841 0.219 102 7.3 44.1
   35 35 2810 0.255 87 7 52.3
   36 36 3654 0.23 79 6.4 49.1
   37 37 2816 0.212 110 7.2 34
   38 38 1624 0.235 107 7 32.5
   39 39 2305 0.248 124 7 16.1
   40 40 2454 0.204 96 7.2 48.9
   41 41 1493 0.252 75 6.2 48.7
   42 42 1211 0.23 86 6.8 50.1
