
                               #ME1_2 number 41.

#02-DEC-2014 , 22:14:47 (Geneva time)

   #N AFEB pos. AFEB num. Int.cap.(pF) U(mv)20fc Gain Offset
   1 1 4865 0.212 77 7.1 65.3
   2 2 4887 0.215 73 7.1 68.1
   3 3 4757 0.237 77 7.1 63.6
   4 4 6481 0.224 84 6.3 41.5
   5 5 4895 0.228 83 7.4 66.3
   6 6 4898 0.217 80 7.3 66.7
   7 7 2186 0.231 96 7 44.7
   8 8 2075 0.237 119 7.2 24.6
   9 9 2116 0.221 90 7.2 53.2
   10 10 2053 0.233 91 6.8 45.7
   11 11 2026 0.218 101 7.2 42
   12 12 2066 0.237 75 6.7 57.8
   13 13 1988 0.208 75 7 64.4
   14 14 7235 0.249 88 6.2 36.6
   15 15 2037 0.213 94 7.1 48.5
   16 16 2112 0.222 96 6.8 40.2
   17 17 2032 0.231 96 7 43.6
   18 18 2025 0.249 62 6 58.4
   19 19 2019 0.255 136 6.7 -2.4
   20 20 2119 0.214 100 7.1 41.3
   21 21 2056 0.23 69 6.4 59.3
   22 22 2167 0.229 94 7.6 58.7
   23 23 2111 0.222 84 7 55.3
   24 24 2012 0.229 77 6.8 59.7
