
                              #ME234_2 number 31.

#02-DEC-2014 , 22:15:13 (Geneva time)

   #N AFEB pos. AFEB num. Int.cap.(pF) U(mv)20fc Gain Offset
   1 1 413 0.243 129 7.3 17.5
   2 2 588 0.234 100 7.1 42.8
   3 3 573 0.247 118 7.3 28.9
   4 4 469 0.234 121 7.3 25.6
   5 5 1073 0.254 136 6.9 3.1
   6 6 139 0.233 105 7.5 44.7
   7 7 613 0.25 120 6.8 17.1
   8 8 200 0.262 98 7 42.3
   9 9 531 0.25 113 7 26.6
   10 10 1024 0.241 140 7.2 4
   11 11 534 0.23 107 7.1 33.9
   12 12 29 0.243 111 7 29.3
   13 13 1021 0.242 111 6.9 27.1
   14 14 1014 0.261 107 7 33.4
   15 15 32 0.251 85 7 55.4
   16 16 515 0.251 118 6.8 18.5
   17 17 49 0.245 123 7.1 18.6
   18 18 1065 0.27 99 6.9 39.8
   19 19 69 0.248 123 7 17.5
   20 20 721 0.242 101 7 39
   21 21 818 0.283 78 6.6 53.9
   22 22 621 0.235 119 7.1 23.1
   23 23 1082 0.243 87 6.9 50.7
   24 24 857 0.243 75 7 65.4
