
                               #ME1_3 number 48.

#02-DEC-2014 , 22:14:57 (Geneva time)

   #N AFEB pos. AFEB num. Int.cap.(pF) U(mv)20fc Gain Offset
   1 1 6147 0.241 75 7.6 75.9
   2 2 6456 0.201 80 6.9 57.5
   3 3 6748 0.258 86 7 52.9
   4 4 6330 0.246 88 7.2 55.9
   5 5 4884 0.25 80 6.8 56.5
   6 6 6610 0.232 86 7 54.4
   7 7 6425 0.246 62 6.8 72.9
   8 8 6539 0.242 89 6.4 39.9
   9 9 6372 0.239 74 6.9 63.9
   10 10 6421 0.222 74 6.9 62.9
   11 11 6310 0.236 72 6.9 66.3
   12 12 6436 0.244 86 6.8 49.5
