
                              #ME234_2 number 85.

#02-DEC-2014 , 22:15:21 (Geneva time)

   #N AFEB pos. AFEB num. Int.cap.(pF) U(mv)20fc Gain Offset
   1 1 3321 0.242 76 6.9 62.3
   2 2 7882 0.228 83 6.7 50.4
   3 3 9609 0.245 82 6.4 46.5
   4 4 7663 0.242 91 7 48.8
   5 5 7643 0.237 96 7 44.6
   6 6 7814 0.229 76 7.2 67.2
   7 7 7692 0.24 62 6.9 75.5
   8 8 7877 0.236 66 7.1 76.6
   9 9 7730 0.239 51 6.9 86.5
   10 10 3393 0.242 73 7.2 69.8
   11 11 3410 0.269 62 7.3 83.7
   12 12 3319 0.211 61 6.9 78.2
   13 13 7872 0.244 59 7 80.6
   14 14 3593 0.214 86 6.9 53.2
   15 15 9502 0.218 77 6.3 49.7
   16 16 4356 0.247 85 7.2 58.1
   17 17 2902 0.237 72 6.2 51.8
   18 18 3930 0.235 83 7 56.6
   19 19 8469 0.227 83 7.2 60.3
   20 20 4434 0.223 73 7.1 68.5
   21 21 4992 0.25 83 6.6 48.1
   22 22 2463 0.215 95 6.8 41.2
   23 23 4059 0.233 83 7.1 59.5
   24 24 8347 0.216 79 6.9 59.6
