
                               #ME1_3 number 45.

#02-DEC-2014 , 22:14:57 (Geneva time)

   #N AFEB pos. AFEB num. Int.cap.(pF) U(mv)20fc Gain Offset
   1 1 9067 0.23 55 6.9 84.2
   2 2 8161 0.242 70 7.1 72.3
   3 3 8350 0.232 76 6.9 61.8
   4 4 9667 0.231 67 7.4 81.5
   5 5 8555 0.216 73 7.2 70.8
   6 6 8342 0.246 88 6.8 47.2
   7 7 6562 0.285 59 6.7 75.1
   8 8 6320 0.232 71 6.8 65.3
   9 9 6326 0.232 55 7.3 91.7
   10 10 6686 0.213 81 7.1 60.2
   11 11 6534 0.255 80 6.4 48.2
   12 12 6829 0.248 84 7.2 59.9
