
                               #ME1_3 number 14.

#02-DEC-2014 , 22:14:54 (Geneva time)

   #N AFEB pos. AFEB num. Int.cap.(pF) U(mv)20fc Gain Offset
   1 1 6239 0.222 88 7 51.1
   2 2 6293 0.235 79 7.1 62.4
   3 3 5137 0.229 64 7 75.5
   4 4 5080 0.245 78 7.1 63
   5 5 6307 0.247 43 6.7 92.3
   6 6 6346 0.211 93 7.1 48.1
   7 7 6295 0.237 42 6.4 86.6
   8 8 6288 0.233 77 7.4 70.2
   9 9 6289 0.24 89 6.8 46.9
   10 10 6841 0.25 97 6.7 36.9
   11 11 6792 0.234 75 6.7 58.5
   12 12 6347 0.228 89 6.8 47
