
                               #ME1_2 number 53.

#02-DEC-2014 , 22:14:49 (Geneva time)

   #N AFEB pos. AFEB num. Int.cap.(pF) U(mv)20fc Gain Offset
   1 1 9326 0.199 64 7 75.4
   2 2 6590 0.232 72 6.3 54.2
   3 3 9132 0.232 76 6.5 54.3
   4 4 9139 0.244 76 7.1 64.9
   5 5 6130 0.22 83 7.1 58.8
   6 6 9131 0.253 112 6.8 23.9
   7 7 7471 0.25 90 7.1 52.7
   8 8 4540 0.241 71 7 69
   9 9 4552 0.244 106 6.8 30.9
   10 10 9286 0.217 91 6.6 41.1
   11 11 7480 0.239 111 7.1 30.4
   12 12 4625 0.245 83 6.8 52.4
   13 13 4064 0.256 83 7.1 59
   14 14 7517 0.23 95 6.6 36.4
   15 15 4624 0.231 109 7.1 33.1
   16 16 4541 0.239 68 7 72.1
   17 17 7516 0.228 77 7.2 66.2
   18 18 7509 0.221 69 6.8 67.9
   19 19 7536 0.231 53 7 87.3
   20 20 4658 0.292 58 7 81.7
   21 21 7556 0.253 59 6.7 75.4
   22 22 4572 0.249 79 7.2 66.2
   23 23 7538 0.241 55 6.5 75.8
   24 24 4529 0.263 74 6.9 64
