
                             #ME234_2 number 136.

#02-DEC-2014 , 22:15:28 (Geneva time)

   #N AFEB pos. AFEB num. Int.cap.(pF) U(mv)20fc Gain Offset
   1 1 7001 0.232 79 6.8 57.2
   2 2 7029 0.236 93 7 46.5
   3 3 7154 0.204 98 7.1 44.9
   4 4 6670 0.228 69 6.9 69.6
   5 5 7008 0.254 96 6.1 26.9
   6 6 7045 0.233 62 6.4 65.6
   7 7 7042 0.216 80 6.8 56.7
   8 8 7157 0.238 80 6.9 57.8
   9 9 8460 0.229 88 6.3 38.4
   10 10 8317 0.229 76 7.4 72.5
   11 11 7942 0.223 110 7.4 38.2
   12 12 7052 0.234 69 7 72.1
   13 13 7078 0.24 67 7.1 74.9
   14 14 6955 0.25 81 7.1 61.3
   15 15 6956 0.233 91 6.9 48
   16 16 7054 0.23 58 6.9 79.6
   17 17 6958 0.25 88 7.3 58.3
   18 18 7125 0.228 87 6.3 39.6
   19 19 5376 0.248 68 7 70.8
   20 20 8415 0.23 95 6.8 40.7
   21 21 5574 0.242 82 7 57.8
   22 22 7126 0.238 71 7.1 70.3
   23 23 7124 0.235 75 6.8 61
   24 24 6981 0.241 77 6.7 56.7
