
                               #ME1_2 number 28.

#02-DEC-2014 , 22:14:45 (Geneva time)

   #N AFEB pos. AFEB num. Int.cap.(pF) U(mv)20fc Gain Offset
   1 1 5210 0.245 80 6.6 52.9
   2 2 6245 0.217 86 7 54.4
   3 3 6519 0.235 70 6.2 54.9
   4 4 6146 0.216 60 7.3 86.4
   5 5 6099 0.236 76 7 63.8
   6 6 6140 0.222 72 7 67.7
   7 7 7158 0.213 71 7 68.5
   8 8 7143 0.246 54 7 85.4
   9 9 6066 0.217 79 6.8 56.4
   10 10 4405 0.266 74 6.9 63
   11 11 8647 0.242 99 6.7 34.4
   12 12 8379 0.213 74 6.8 62.9
   13 13 8449 0.221 55 6.7 78.6
   14 14 8322 0.216 70 6.8 66
   15 15 4469 0.237 91 6.5 38.7
   16 16 1742 0.247 124 6.9 13.5
   17 17 1424 0.24 92 7.1 49.9
   18 18 7680 0.241 93 7.1 48.9
   19 19 4221 0.251 77 7.2 65.9
   20 20 7947 0.242 77 6.8 59.2
   21 21 7297 0.227 61 7.5 88.4
   22 22 7141 0.235 76 6.9 62.2
   23 23 9334 0.261 92 6.8 43
   24 24 7632 0.245 59 6.9 78
