
                             #ME234_2 number 247.

#02-DEC-2014 , 22:39:17 (Geneva time)

   #N AFEB pos. AFEB num. Int.cap.(pF) U(mv)20fc Gain Offset
   1 1 12080176 0.2502 23.85 7.18 119.73
   2 2 12080580 0.2377 53.35 6.8 82.68
   3 3 12080375 0.2222 72.51 7.19 71.32
   4 4 12080643 0.2455 57.49 6.42 70.83
   5 5 12080292 0.2394 55.82 7.08 85.68
   6 6 12080537 0.2483 71.87 7.2 72.08
   7 7 12080368 0.237 65.37 6.94 73.36
   8 8 12080719 0.2058 82.37 7.14 60.51
   9 9 12080438 0.246 54.23 6.93 84.44
   10 10 12080142 0.2106 76.22 6.77 59.2
   11 11 12080156 0.2269 67.58 6.94 71.12
   12 12 12080081 0.2186 62.42 7.18 81.23
   13 13 12080519 0.1951 94.36 7.08 47.29
   14 14 12080029 0.2229 113.21 7.21 31.03
   15 15 12080363 0.21 72.71 6.71 61.48
   16 16 12080391 0.2577 74.12 6.48 55.46
   17 17 12080733 0.2206 93.28 7.09 48.44
   18 18 12080045 0.2096 89.82 7.11 52.46
   19 19 12080509 0.2057 81.07 7.08 60.63
   20 20 12080679 0.2233 37.82 7.1 104.28
   21 21 12080376 0.203 107.63 7.18 36.02
   22 22 12080405 0.2343 75.09 6.84 61.7
   23 23 12080469 0.2046 88.64 7.04 52.13
   24 24 12080290 0.2116 113.48 7.24 31.37
