
                               #ME1_2 number 29.

#02-DEC-2014 , 22:14:46 (Geneva time)

   #N AFEB pos. AFEB num. Int.cap.(pF) U(mv)20fc Gain Offset
   1 1 5177 0.251 67 6.8 68.9
   2 2 6170 0.23 71 6.4 57.8
   3 3 6121 0.219 105 7.2 40.3
   4 4 6172 0.241 67 7.2 77
   5 5 6746 0.297 75 7 63.9
   6 6 5293 0.237 70 6.5 60.2
   7 7 7395 0.242 76 7.2 68
   8 8 7357 0.207 79 6.9 59.2
   9 9 7567 0.227 90 6.9 48
   10 10 7350 0.274 120 6.5 9.6
   11 11 4694 0.238 52 7.1 89.8
   12 12 7573 0.241 86 6 34.5
   13 13 7262 0.232 68 6.5 61.6
   14 14 7607 0.228 65 6.6 67.8
   15 15 4667 0.246 82 7.2 63.3
   16 16 7598 0.239 88 6.6 43
   17 17 7586 0.208 100 7.3 45.7
   18 18 7612 0.271 84 7 56.4
   19 19 7459 0.236 89 7.3 56.7
   20 20 7196 0.23 76 7.2 67.7
   21 21 4524 0.254 63 6.9 75.1
   22 22 7393 0.253 91 6.9 47.6
   23 23 7396 0.257 65 6.7 69.2
   24 24 7411 0.246 94 7.2 49.9
