
                             #ME234_2 number 143.

#02-DEC-2014 , 22:15:29 (Geneva time)

   #N AFEB pos. AFEB num. Int.cap.(pF) U(mv)20fc Gain Offset
   1 1 5970 0.263 44 6.3 82.3
   2 2 5279 0.234 76 6.8 59.2
   3 3 5886 0.232 79 6.7 54.6
   4 4 4963 0.22 76 7.1 66.4
   5 5 6018 0.241 65 6.5 65.3
   6 6 6001 0.235 93 6.8 42.6
   7 7 5168 0.218 74 7 65.3
   8 8 4999 0.272 76 7.8 79.1
   9 9 6035 0.238 80 6.5 50.8
   10 10 5241 0.234 87 7.2 57.4
   11 11 5195 0.217 84 6.7 50.4
   12 12 5172 0.245 74 6.7 59.1
   13 13 4990 0.245 66 6.7 67.4
   14 14 5277 0.237 79 7.2 64.4
   15 15 5142 0.22 41 6.3 86.1
   16 16 5978 0.237 72 7.1 68.6
   17 17 5263 0.257 87 7.3 58.8
   18 18 5810 0.236 76 6.7 59.1
   19 19 5983 0.234 97 7 43.9
   20 20 5969 0.232 90 7 50.8
   21 21 5000 0.238 75 6.9 63.8
   22 22 5898 0.247 79 6.6 51.8
   23 23 5977 0.232 47 7.2 97.1
   24 24 5989 0.249 98 7 41.3
