
                               #ME4_1 number 4.

#02-DEC-2014 , 22:15:38 (Geneva time)

   #N AFEB pos. AFEB num. Int.cap.(pF) U(mv)20fc Gain Offset
   1 1 10702 0.223 98 7.3 48.2
   2 2 11102 0.217 82 7.1 60.4
   3 3 11248 0.25 88 6.5 42.4
   4 4 10112 0.248 92 6.8 42.8
   5 5 10246 0.242 91 7.1 49.8
   6 6 11459 0.242 95 7.1 45.9
   7 7 11457 0.247 96 6.8 39.8
   8 8 10213 0.217 152 7.3 -5.7
   9 9 10197 0.233 97 7.1 45.9
   10 10 11371 0.238 104 6.9 33.8
   11 11 10022 0.261 91 7.4 57.6
   12 12 11247 0.218 100 6.9 38.8
   13 13 10074 0.233 97 7 42.9
   14 14 11314 0.228 107 7.6 44.3
   15 15 10020 0.24 109 6.9 29.5
   16 16 11328 0.251 88 6.6 44.1
   17 17 11337 0.244 85 6.6 45.6
   18 18 10109 0.238 100 6.8 36.3
   19 19 10066 0.27 131 6.7 3.1
   20 20 10242 0.26 115 7.2 29
   21 21 10030 0.239 110 7.1 31.6
   22 22 10184 0.228 95 7.1 47.6
   23 23 11097 0.232 115 6.8 21.5
   24 24 10046 0.235 101 7.1 40.9
   25 25 10033 0.219 97 6.7 36.4
   26 26 10215 0.218 119 7.1 23
   27 27 10287 0.244 95 6.8 40.4
   28 28 10114 0.226 92 6.7 40.5
   29 29 10073 0.238 93 7.2 51.4
   30 30 10123 0.248 102 6.9 36
   31 31 11364 0.244 100 6.9 38
   32 32 10221 0.242 108 6.8 27.4
   33 33 11448 0.205 112 7.3 35.3
   34 34 11367 0.215 117 7 22.4
   35 35 10104 0.234 110 6.9 28.5
   36 36 11274 0.233 94 7.3 52.2
