
                              #ME234_2 number 48.

#02-DEC-2014 , 22:15:15 (Geneva time)

   #N AFEB pos. AFEB num. Int.cap.(pF) U(mv)20fc Gain Offset
   1 1 1781 0.228 78 6.2 46.7
   2 2 2988 0.205 137 7 4.4
   3 3 1068 0.243 99 7 41.6
   4 4 3547 0.233 77 7 63.3
   5 5 314 0.236 122 6.8 14.2
   6 6 1036 0.253 81 7 58.7
   7 7 407 0.279 101 6.7 33.2
   8 8 1704 0.29 92 6.8 44.2
   9 9 2961 0.226 89 7.3 56.4
   10 10 2390 0.222 83 7 56.3
   11 11 633 0.244 82 7.2 62.9
   12 12 1250 0.241 86 6.8 50.1
   13 13 3109 0.222 74 6.8 61.8
   14 14 2929 0.255 71 7 68.4
   15 15 1792 0.285 71 6.6 59.6
   16 16 3224 0.255 109 6.7 24.2
   17 17 777 0.265 85 7 54.6
   18 18 3283 0.242 75 6.4 52.7
   19 19 1651 0.215 79 6.4 50.5
   20 20 1203 0.245 89 6.7 44.4
   21 21 2875 0.259 84 6.7 50.2
   22 22 530 0.285 99 6.4 29
   23 23 2566 0.274 82 7 57.5
   24 24 2495 0.208 116 7.2 27.7
