
                               #ME4_1 number 18.

#02-DEC-2014 , 22:15:40 (Geneva time)

   #N AFEB pos. AFEB num. Int.cap.(pF) U(mv)20fc Gain Offset
   1 1 11801 0.261 121 6.8 15.7
   2 2 12115 0.23 105 7.1 36.6
   3 3 12192 0.238 92 7.7 61.6
   4 4 10516 0.243 102 7.1 40.3
   5 5 10838 0.239 83 6.8 52.6
   6 6 10608 0.248 98 6.8 39.3
   7 7 10453 0.233 97 6.9 40.4
   8 8 10643 0.239 101 6.7 32
   9 9 12110 0.238 96 7 43.2
   10 10 10572 0.225 117 6.5 13.8
   11 11 11492 0.254 106 7.2 37
   12 12 12196 0.265 124 6.6 7.1
   13 13 12149 0.236 98 7 41.7
   14 14 12134 0.238 92 7.4 55.2
   15 15 12197 0.234 113 7.1 29.5
   16 16 11985 0.246 128 6.7 4.7
   17 17 11570 0.202 104 7.3 41.1
   18 18 11578 0.248 119 6.5 10.7
   19 19 11848 0.213 94 7.4 54.6
   20 20 10387 0.248 111 7.1 31.8
   21 21 10609 0.25 97 6.6 34.9
   22 22 12136 0.229 94 7 45.1
   23 23 10508 0.226 93 7.3 52.7
   24 24 12086 0.231 103 7.1 39.7
   25 25 11639 0.236 100 6.8 37
   26 26 12122 0.238 95 6.9 43.8
   27 27 11226 0.256 88 7.3 58.1
   28 28 10645 0.25 111 7.2 33.2
   29 29 11137 0.243 92 7 47.9
   30 30 11598 0.246 101 7 39.9
   31 31 11464 0.227 121 6.8 14.5
   32 32 12120 0.242 96 6.9 41.4
   33 33 11488 0.262 100 6.8 36.4
   34 34 12131 0.238 94 6.5 36
   35 35 10654 0.245 102 6.6 29.3
   36 36 11807 0.262 111 6.6 21.6
