
                             #ME234_2 number 200.

#02-DEC-2014 , 22:39:13 (Geneva time)

   #N AFEB pos. AFEB num. Int.cap.(pF) U(mv)20fc Gain Offset
   1 1 11042 0.241 107 6.7 26.4
   2 2 10586 0.234 96 6.9 42.5
   3 3 10524 0.242 96 7.1 45.9
   4 4 11032 0.232 88 6.9 49.9
   5 5 10999 0.217 101 6.9 36.6
   6 6 10613 0.244 103 6.9 35
   7 7 10839 0.229 100 7.1 41.3
   8 8 10454 0.251 111 6.8 26.2
   9 9 10571 0.257 113 7.2 30.9
   10 10 10653 0.232 102 7 38.5
   11 11 10674 0.246 106 7.4 42.8
   12 12 10479 0.27 146 6.8 -10.3
   13 13 10629 0.219 103 7.1 37.8
   14 14 10606 0.229 106 6.8 31.2
   15 15 10566 0.228 106 6.6 25.9
   16 16 10623 0.247 114 7 27
   17 17 11007 0.215 94 7.1 48.2
   18 18 10718 0.248 94 6.8 43.1
   19 19 11013 0.227 100 6.9 38.2
   20 20 10478 0.219 95 6.9 43.1
   21 21 10492 0.245 107 6.8 29.1
   22 22 11025 0.232 103 6.9 34.7
   23 23 11008 0.229 98 7.5 51.3
   24 24 10912 0.218 98 6.9 39.1
