
                               #ME1_2 number 62.

#02-DEC-2014 , 22:14:50 (Geneva time)

   #N AFEB pos. AFEB num. Int.cap.(pF) U(mv)20fc Gain Offset
   1 1 6024 0.244 77 7 63.4
   2 2 8124 0.217 83 7.4 65.5
   3 3 6023 0.249 93 6.4 35.4
   4 4 8200 0.236 98 6.9 40.7
   5 5 6093 0.216 85 7 55.4
   6 6 8010 0.232 75 7.1 66.2
   7 7 7482 0.24 84 7.2 60.6
   8 8 7568 0.272 72 7.1 70.9
   9 9 7508 0.248 74 6.9 63.1
   10 10 7514 0.237 96 7.1 46.2
   11 11 9395 0.254 77 6.4 51.5
   12 12 7532 0.24 69 6.8 67.4
   13 13 3954 0.247 81 6.7 53.2
   14 14 7491 0.233 70 7.3 76.6
   15 15 7531 0.272 55 7.1 87.8
   16 16 7552 0.222 61 6.7 73.2
   17 17 8976 0.24 70 6.9 68.5
   18 18 8959 0.229 81 6.8 55.3
   19 19 3997 0.235 93 6.9 44.5
   20 20 7577 0.249 73 6.1 49
   21 21 8954 0.245 101 6.8 34.8
   22 22 7483 0.246 73 6.7 61.4
   23 23 7581 0.267 90 7.3 55.2
   24 24 7494 0.211 85 6.7 48.8
