
                              #ME234_2 number 49.

#02-DEC-2014 , 22:15:15 (Geneva time)

   #N AFEB pos. AFEB num. Int.cap.(pF) U(mv)20fc Gain Offset
   1 1 2376 0.259 74 6.9 64.9
   2 2 5700 0.253 66 6.9 72.6
   3 3 2459 0.242 77 6.6 54.8
   4 4 2317 0.237 121 6.8 13.8
   5 5 3039 0.219 95 7.3 49.9
   6 6 381 0.275 77 6.7 56.3
   7 7 1354 0.246 90 6.9 47.5
   8 8 9514 0.236 77 6.7 58
   9 9 5679 0.235 89 7.2 56
   10 10 2382 0.24 80 6.7 53.1
   11 11 2444 0.249 91 6.7 43.3
   12 12 209 0.248 105 7.3 40.9
   13 13 219 0.232 94 6.8 42.2
   14 14 2343 0.217 94 7.2 51.1
   15 15 46 0.235 82 6.7 53.1
   16 16 910 0.238 121 6.9 17.1
   17 17 80 0.278 118 6.6 14.7
   18 18 568 0.282 110 6.6 22.7
   19 19 1163 0.242 89 6.8 47
   20 20 2283 0.214 108 7.2 34.6
   21 21 2481 0.254 106 6.9 31.5
   22 22 1199 0.248 71 6 48.5
   23 23 125 0.238 121 6.8 15.1
   24 24 792 0.275 85 6.6 46.2
