
                             #ME234_2 number 100.

#02-DEC-2014 , 22:15:23 (Geneva time)

   #N AFEB pos. AFEB num. Int.cap.(pF) U(mv)20fc Gain Offset
   1 1 5243 0.224 109 6.9 29
   2 2 5370 0.223 86 7 53.9
   3 3 5438 0.234 72 7 67.6
   4 4 5224 0.233 78 7.1 63.5
   5 5 5149 0.247 85 6.6 47.4
   6 6 7075 0.224 64 7.1 76.9
   7 7 7139 0.223 89 7.1 53.5
   8 8 5318 0.223 57 6.3 69.6
   9 9 7085 0.257 83 7 55.8
   10 10 7140 0.209 85 7.2 60.3
   11 11 5413 0.234 63 6.9 76.2
   12 12 5249 0.225 79 6.8 57.5
   13 13 5244 0.212 78 6.9 60.3
   14 14 5378 0.215 73 6.9 65.8
   15 15 7137 0.223 82 6.2 41.3
   16 16 7099 0.224 80 6.9 58.6
   17 17 7144 0.202 81 7.1 61.1
   18 18 5261 0.222 96 7.1 45.8
   19 19 7097 0.227 108 7.1 34.3
   20 20 5326 0.235 67 7.4 80.9
   21 21 5411 0.247 72 6.6 58.9
   22 22 7093 0.241 73 6.9 66.1
   23 23 5270 0.248 61 6.6 71.6
   24 24 5294 0.221 69 7 70.8
