
                               #ME1_3 number 30.

#02-DEC-2014 , 22:14:55 (Geneva time)

   #N AFEB pos. AFEB num. Int.cap.(pF) U(mv)20fc Gain Offset
   1 1 9026 0.219 91 7.1 51.4
   2 2 9859 0.241 88 6.9 50.6
   3 3 9851 0.226 78 6.6 54.4
   4 4 9666 0.244 94 7.6 57.3
   5 5 9057 0.224 92 7 47.7
   6 6 9042 0.232 104 7 35.2
   7 7 9077 0.226 70 6.2 54.7
   8 8 9668 0.235 94 6.6 37.2
   9 9 9121 0.239 61 7.5 89.1
   10 10 8436 0.246 91 6.8 44.3
   11 11 6304 0.209 86 7.1 54.8
   12 12 9147 0.254 79 6.8 57.7
