
                               #ME2_1 number 11.

#02-DEC-2014 , 22:15:03 (Geneva time)

   #N AFEB pos. AFEB num. Int.cap.(pF) U(mv)20fc Gain Offset
   1 1 3550 0.256 80 6.7 55.3
   2 2 3064 0.228 91 7.3 55.1
   3 3 3093 0.258 87 6.8 48.1
   4 4 3658 0.222 117 6.7 16
   5 5 2969 0.204 92 6.9 47
   6 6 3101 0.244 92 6.5 38.8
   7 7 2977 0.243 133 7 7
   8 8 3610 0.233 79 7 61.1
   9 9 3623 0.242 56 6.8 79.3
   10 10 3011 0.218 98 6.8 37.3
   11 11 3513 0.214 74 7.1 68
   12 12 3662 0.209 99 6.8 36.1
   13 13 3162 0.241 102 6.9 37.5
   14 14 2806 0.241 72 7.1 69.8
   15 15 3028 0.218 69 7 70.8
   16 16 3640 0.29 105 6.8 31.5
   17 17 3040 0.251 105 6.8 30.5
   18 18 3562 0.255 92 6.8 43.3
   19 19 3535 0.235 84 6.5 46.9
   20 20 3384 0.248 68 6.5 61.4
   21 21 2344 0.222 112 7.4 35.6
   22 22 3315 0.246 67 6.6 65.4
   23 23 3509 0.235 89 6.4 39.4
   24 24 3139 0.202 76 7.4 71.6
   25 25 3115 0.226 95 6.9 42.1
   26 26 2872 0.237 86 6.6 46.4
   27 27 3246 0.224 77 7 63.3
   28 28 3158 0.245 78 6.2 46.3
   29 29 3060 0.23 93 7.2 50.6
   30 30 2464 0.225 69 7 70.5
   31 31 4585 0.23 60 7 81.1
   32 32 3290 0.225 75 7.3 71.1
   33 33 3627 0.22 56 6.4 71.7
   34 34 3144 0.245 67 6.5 64
   35 35 4615 0.234 73 6.9 65.2
   36 36 3452 0.228 71 7.2 72.7
   37 37 3261 0.223 91 6.3 34.9
   38 38 3645 0.275 74 7.2 70.2
   39 39 3121 0.202 56 7.2 87.9
   40 40 3212 0.231 55 6.7 78.7
   41 41 2607 0.263 81 7.6 69.9
   42 42 2583 0.212 103 7.1 39
