
                               #ME1_3 number 33.

#02-DEC-2014 , 22:14:56 (Geneva time)

   #N AFEB pos. AFEB num. Int.cap.(pF) U(mv)20fc Gain Offset
   1 1 8427 0.238 81 7.4 67.3
   2 2 6948 0.219 88 7 52.7
   3 3 8600 0.214 75 6.4 54.1
   4 4 8918 0.255 107 7.2 37.2
   5 5 8358 0.235 81 6.8 54.6
   6 6 9788 0.247 86 6.8 49.7
   7 7 8952 0.234 105 6.7 29.7
   8 8 8802 0.248 67 7.1 75.7
   9 9 7224 0.251 79 6.9 59.3
   10 10 8886 0.233 78 7 61.8
   11 11 6794 0.268 77 6.7 56.5
   12 12 6892 0.263 75 6.5 54.6
