
                              #ME234_2 number 21.

#02-DEC-2014 , 22:15:11 (Geneva time)

   #N AFEB pos. AFEB num. Int.cap.(pF) U(mv)20fc Gain Offset
   1 1 1773 0.222 132 7.3 14.4
   2 2 859 0.232 106 7.4 42.4
   3 3 1794 0.248 111 7 28.3
   4 4 310 0.236 116 7.1 26.4
   5 5 475 0.25 97 6.7 36.8
   6 6 605 0.263 112 7.1 29.8
   7 7 768 0.281 117 6.6 15.6
   8 8 516 0.256 96 7 44.2
   9 9 1015 0.242 97 7.3 48
   10 10 1002 0.256 102 6.9 36.1
   11 11 889 0.286 96 6.3 31.1
   12 12 6 0.239 112 7.1 30.1
   13 13 1011 0.248 107 7.2 36.3
   14 14 997 0.254 126 7.2 18.5
   15 15 132 0.241 129 7.3 16.4
   16 16 628 0.236 121 7.2 22.4
   17 17 1038 0.231 132 7.2 11.1
   18 18 816 0.285 97 6.5 33.7
   19 19 615 0.251 119 6.8 16.7
   20 20 514 0.247 109 6.9 29.5
   21 21 1034 0.234 136 7 5
   22 22 874 0.254 96 6.9 42.4
   23 23 719 0.23 117 7.3 28.4
   24 24 3270 0.235 94 6.1 28.9
