
                              #ME234_2 number 14.

#02-DEC-2014 , 22:15:10 (Geneva time)

   #N AFEB pos. AFEB num. Int.cap.(pF) U(mv)20fc Gain Offset
   1 1 1239 0.225 111 7.1 30.2
   2 2 2958 0.215 96 6.9 43
   3 3 1411 0.228 76 6.3 49.7
   4 4 665 0.255 94 7 46
   5 5 3267 0.235 91 6.9 48.3
   6 6 2949 0.232 92 6.9 45.9
   7 7 3361 0.227 81 6.2 43.3
   8 8 7265 0.231 108 6.9 30.4
   9 9 1329 0.259 99 6.9 39.5
   10 10 1321 0.24 92 6.9 45.9
   11 11 2924 0.241 90 6.7 44.9
   12 12 2838 0.236 97 7 41.9
   13 13 1784 0.243 99 7 41.5
   14 14 7328 0.236 95 6.8 42.1
   15 15 282 0.274 90 6.8 45.7
   16 16 456 0.244 88 6.8 48.6
   17 17 3548 0.218 88 6.8 48.4
   18 18 3085 0.246 99 6.6 33.1
   19 19 3042 0.274 98 7.2 45.6
   20 20 2813 0.206 99 7 40.4
   21 21 1419 0.236 97 6.5 32.8
   22 22 3022 0.212 105 7.2 39.9
   23 23 2601 0.283 91 6.7 43.6
   24 24 1286 0.22 107 7.2 38
