
                              #ME234_2 number 33.

#02-DEC-2014 , 22:15:13 (Geneva time)

   #N AFEB pos. AFEB num. Int.cap.(pF) U(mv)20fc Gain Offset
   1 1 2388 0.237 73 6.7 61.2
   2 2 3195 0.245 63 6.9 76
   3 3 973 0.235 104 7.3 43.1
   4 4 3047 0.23 80 6.9 57.5
   5 5 764 0.241 62 6.8 75.3
   6 6 3512 0.253 88 6.1 34
   7 7 1629 0.215 88 7.2 56
   8 8 1499 0.244 70 7.2 74.7
   9 9 2907 0.234 125 7.3 20.7
   10 10 2980 0.233 89 6.9 49
   11 11 2976 0.231 98 7.3 47.5
   12 12 2934 0.235 96 7.2 47.8
   13 13 283 0.236 125 7.2 19.4
   14 14 3023 0.219 73 7.1 69.4
   15 15 3571 0.223 73 6.4 54.1
   16 16 3012 0.202 81 6.9 56.5
   17 17 2911 0.248 64 6.2 58.7
   18 18 3187 0.226 100 6.1 23
   19 19 1699 0.241 119 6.8 18.3
   20 20 3607 0.251 96 6.3 29.6
   21 21 956 0.235 97 6.7 36.3
   22 22 608 0.278 65 6.7 69.1
   23 23 2946 0.265 92 6.7 41.9
   24 24 3425 0.26 71 7 69.4
