
                               #ME1_3 number 31.

#02-DEC-2014 , 22:14:55 (Geneva time)

   #N AFEB pos. AFEB num. Int.cap.(pF) U(mv)20fc Gain Offset
   1 1 8459 0.28 95 7.2 49.1
   2 2 9149 0.239 110 6.8 27.2
   3 3 9110 0.245 115 6.8 20.7
   4 4 9008 0.215 69 7 70.7
   5 5 8465 0.243 73 6.4 54.7
   6 6 9858 0.233 82 6.2 41.7
   7 7 9845 0.24 70 7.3 75.7
   8 8 9731 0.247 92 6.8 43.8
   9 9 9046 0.231 79 7.3 67.5
   10 10 8420 0.204 85 7.3 60.9
   11 11 8304 0.265 60 6.9 78
   12 12 8613 0.246 87 6.6 45.8
