
                               #ME4_1 number 23.

#02-DEC-2014 , 22:15:41 (Geneva time)

   #N AFEB pos. AFEB num. Int.cap.(pF) U(mv)20fc Gain Offset
   1 1 11603 0.224 98 7.1 43.6
   2 2 10783 0.239 103 6.8 33.7
   3 3 11736 0.215 110 6.9 28.4
   4 4 10617 0.23 102 6.9 36.4
   5 5 12137 0.238 133 7.1 8.8
   6 6 11484 0.241 105 6.9 34.1
   7 7 10436 0.247 96 7.1 45.8
   8 8 12066 0.228 114 6.9 23.8
   9 9 12128 0.223 111 6.9 26
   10 10 10554 0.233 95 6.9 42.5
   11 11 11483 0.234 97 7 42.8
   12 12 11782 0.221 112 6.7 21.6
   13 13 11157 0.231 102 6.6 30.1
   14 14 12200 0.271 120 7.2 24.8
   15 15 10490 0.253 101 6.9 37.5
   16 16 12070 0.232 113 7.1 30.3
   17 17 11748 0.218 128 7.2 16.2
   18 18 10559 0.226 113 6.7 21.4
   19 19 11711 0.25 99 6.9 38.5
   20 20 11694 0.24 100 7 39.8
   21 21 12112 0.219 103 7 37.1
   22 22 11148 0.225 118 7.4 30.9
   23 23 11572 0.249 100 6.4 28.5
   24 24 10564 0.231 96 7.4 51.6
   25 25 11563 0.207 108 7.4 40.5
   26 26 11769 0.252 108 7.2 37.3
   27 27 11090 0.249 107 7 32.4
   28 28 10482 0.232 106 6.7 29.1
   29 29 11495 0.27 107 6.8 28.9
   30 30 12147 0.24 98 7 41.8
   31 31 10424 0.233 98 7.3 48.7
   32 32 11597 0.247 114 6.3 12.6
   33 33 11813 0.234 103 7 36.8
   34 34 10582 0.242 107 7 33.2
   35 35 11170 0.232 119 7.2 24
   36 36 11571 0.212 96 6.8 40.8
