
                              #ME234_2 number 58.

#02-DEC-2014 , 22:15:17 (Geneva time)

   #N AFEB pos. AFEB num. Int.cap.(pF) U(mv)20fc Gain Offset
   1 1 8410 0.22 54 7 85.4
   2 2 5680 0.23 62 7.1 80.3
   3 3 8318 0.246 55 6.7 78.3
   4 4 8563 0.224 54 6.9 84.5
   5 5 3281 0.225 76 6.3 49.7
   6 6 2763 0.244 69 6.9 69.6
   7 7 5573 0.203 71 7.3 75.5
   8 8 4210 0.25 65 6.6 66.2
   9 9 4208 0.255 64 6.9 74.9
   10 10 8378 0.217 87 7 52.1
   11 11 5662 0.215 82 6.8 53.9
   12 12 5027 0.225 56 6.8 81.2
   13 13 8533 0.24 77 7.2 67.7
   14 14 9531 0.228 67 6.5 63.7
   15 15 4435 0.244 73 7.3 72.6
   16 16 4481 0.267 72 7.1 70.5
   17 17 4054 0.279 73 6.9 66.4
   18 18 8351 0.238 71 7.2 72.1
   19 19 803 0.234 84 7.3 62.5
   20 20 8478 0.275 64 6.7 69.9
   21 21 3980 0.23 75 6.9 62.8
   22 22 3992 0.235 56 6.9 83.2
   23 23 2347 0.24 69 6.7 65
   24 24 1151 0.237 60 6.9 78.3
