
                               #ME2_1 number 38.

#02-DEC-2014 , 22:15:08 (Geneva time)

   #N AFEB pos. AFEB num. Int.cap.(pF) U(mv)20fc Gain Offset
   1 1 3180 0.294 89 6.9 49.9
   2 2 2310 0.215 81 6.9 56.5
   3 3 2280 0.219 98 6.9 40.2
   4 4 339 0.231 100 6.8 36.5
   5 5 3517 0.26 67 7.2 76.2
   6 6 1397 0.225 109 6.8 27.9
   7 7 1705 0.231 58 6.3 67.2
   8 8 2440 0.261 90 7.4 59.5
   9 9 1379 0.243 56 6.2 68.1
   10 10 1660 0.215 109 7 31.3
   11 11 3365 0.238 88 7 51.5
   12 12 1334 0.26 109 7 31.7
   13 13 1107 0.25 94 6.9 44.6
   14 14 2473 0.218 83 6.7 51.9
   15 15 2514 0.204 96 7.6 55.7
   16 16 1664 0.253 87 7.5 62.8
   17 17 2460 0.249 81 7.1 62.2
   18 18 2396 0.225 77 7.1 65.1
   19 19 1103 0.242 83 7 57.1
   20 20 3619 0.232 98 6.8 38.4
   21 21 1383 0.218 81 6.3 45.2
   22 22 92 0.234 123 6.6 9.6
   23 23 2348 0.226 81 7.2 63.9
   24 24 3130 0.257 116 7 23.2
   25 25 546 0.234 79 7 60.5
   26 26 911 0.238 93 7 46.8
   27 27 494 0.234 99 6.8 36.9
   28 28 2360 0.214 84 7.1 58.4
   29 29 983 0.271 112 6.7 21.9
   30 30 934 0.229 100 7.5 50.1
   31 31 974 0.249 123 6.9 14.3
   32 32 499 0.237 86 6.9 52.1
   33 33 99 0.242 120 6.9 18.1
   34 34 978 0.243 113 7.1 29.2
   35 35 993 0.244 115 7 25.9
   36 36 1214 0.228 94 6.3 32.7
   37 37 3428 0.236 68 7.3 78.4
   38 38 2529 0.245 100 7.2 44.5
   39 39 2571 0.242 107 6.2 17.2
   40 40 939 0.241 84 7 56.6
   41 41 3525 0.204 70 7 70
   42 42 297 0.284 80 6.6 51.8
