
                              #ME234_2 number 65.

#02-DEC-2014 , 22:15:18 (Geneva time)

   #N AFEB pos. AFEB num. Int.cap.(pF) U(mv)20fc Gain Offset
   1 1 7198 0.218 65 6.6 67.9
   2 2 4366 0.235 82 6.8 53.5
   3 3 1841 0.273 60 7.1 82.8
   4 4 7432 0.229 56 6.9 82.7
   5 5 1857 0.231 84 7.2 59.8
   6 6 1827 0.24 82 6.9 55.1
   7 7 1821 0.249 89 7.1 52.1
   8 8 7437 0.27 82 7.4 65.2
   9 9 7439 0.217 89 7 50.8
   10 10 7419 0.24 57 7.5 94.1
   11 11 4384 0.261 69 6.9 68.5
   12 12 7234 0.231 74 7 66.4
   13 13 7289 0.237 75 7.1 66.9
   14 14 7450 0.237 65 6.9 73.9
   15 15 4386 0.268 61 7 78.7
   16 16 7453 0.228 50 6.5 79.8
   17 17 7424 0.233 72 6.8 63.5
   18 18 7286 0.243 75 6.7 58.9
   19 19 7227 0.244 64 6.8 72.5
   20 20 1749 0.214 60 6.5 70.5
   21 21 1844 0.219 60 6.3 65
   22 22 7420 0.241 89 7 51.1
   23 23 4379 0.244 68 7 71.5
   24 24 7251 0.226 79 6.6 52.6
