
                               #ME1_3 number 41.

#02-DEC-2014 , 22:14:57 (Geneva time)

   #N AFEB pos. AFEB num. Int.cap.(pF) U(mv)20fc Gain Offset
   1 1 8316 0.22 85 6.9 53.8
   2 2 6392 0.244 80 6.8 55.2
   3 3 6302 0.232 86 7.1 55
   4 4 9084 0.234 81 7.1 60.8
   5 5 9052 0.243 58 7 82.2
   6 6 6806 0.236 83 6.7 51.6
   7 7 8440 0.249 108 7.5 41.8
   8 8 6398 0.247 52 6.6 80.5
   9 9 6818 0.235 74 6.8 62.2
   10 10 9794 0.277 55 6.8 81.8
   11 11 9022 0.266 84 7.1 57.4
   12 12 6176 0.242 51 6.8 86
