
                             #ME234_2 number 254.

#02-DEC-2014 , 22:39:12 (Geneva time)

   #N AFEB pos. AFEB num. Int.cap.(pF) U(mv)20fc Gain Offset
   1 1 12080661 0.2465 65.81 7.05 75.12
   2 2 12080459 0.2379 55.6 7.01 84.55
   3 3 12080128 0.2357 100.07 6.35 27.01
   4 4 12080738 0.2172 71.76 6.78 63.93
   5 5 12080092 0.2114 81.76 6.8 54.24
   6 6 12080626 0.2494 52.92 6.63 79.64
   7 7 12080691 0.2301 91.67 6.62 40.75
   8 8 12080153 0.2168 85.8 7.19 58.01
   9 9 12080616 0.2051 78.42 7.1 63.54
   10 10 12080180 0.2064 91.37 7.12 50.98
   11 11 12080049 0.2135 122.01 6.93 16.68
   12 12 12080640 0.2358 47.53 7.01 92.71
   13 13 12080678 0.2285 83.72 6.4 44.22
   14 14 12080121 0.2535 93.34 7.12 49.03
   15 15 12080465 0.2225 65.45 7.09 76.26
   16 16 12080708 0.236 90.03 6.84 46.8
   17 17 12080717 0.2094 68.28 6.94 70.43
   18 18 12080392 0.2338 84.98 7.28 60.67
   19 19 12080228 0.2075 105.06 6.92 33.31
   20 20 12080158 0.2442 71.34 6.51 58.87
   21 21 12080728 0.2087 94.62 6.88 43.05
   22 22 12080256 0.2423 39.69 6.47 89.71
   23 23 12080033 0.2638 84.09 7.2 59.85
   24 24 12080034 0.2326 70.37 7.11 71.85
