
                               #ME3_1 number 23.

#02-DEC-2014 , 22:15:34 (Geneva time)

   #N AFEB pos. AFEB num. Int.cap.(pF) U(mv)20fc Gain Offset
   1 1 1087 0.234 100 6.6 32.2
   2 2 1196 0.239 128 7 12.2
   3 3 396 0.281 101 6.6 31.1
   4 4 412 0.289 67 6.6 64.3
   5 5 119 0.271 79 7.2 63.8
   6 6 1652 0.223 79 6.9 58.3
   7 7 81 0.29 80 6.5 51
   8 8 1190 0.235 78 6.8 57.8
   9 9 280 0.292 82 6.9 55.9
   10 10 583 0.233 101 7 39.5
   11 11 408 0.244 100 7.2 42.9
   12 12 730 0.29 65 6.8 71.5
   13 13 1341 0.216 90 6.9 48.4
   14 14 1152 0.243 65 6.9 73.1
   15 15 1668 0.233 102 6.8 33.2
   16 16 350 0.281 74 6.6 58.7
   17 17 725 0.286 94 6.9 43.7
   18 18 1355 0.221 106 7.1 35.1
   19 19 1369 0.26 92 7.1 49.4
   20 20 161 0.229 134 7.2 11.1
   21 21 695 0.248 136 6.9 1.3
   22 22 1695 0.245 87 7.3 59.4
   23 23 1375 0.235 71 7 69.2
   24 24 179 0.252 109 7.2 34
   25 25 1638 0.214 85 6.3 41.4
   26 26 651 0.242 91 6.8 45.9
   27 27 420 0.251 84 7.1 57.3
   28 28 1172 0.231 87 7 52.9
   29 29 1621 0.223 70 6.7 63.3
   30 30 1233 0.218 58 6.4 70.3
   31 31 252 0.286 91 6.6 41
   32 32 1598 0.218 67 7.1 74.8
   33 33 1691 0.297 67 6.8 69.7
   34 34 1140 0.24 66 7 74.2
   35 35 1204 0.241 83 6.5 47.6
   36 36 1246 0.263 64 6.7 69.8
