
                              #ME234_2 number 94.

#02-DEC-2014 , 22:15:22 (Geneva time)

   #N AFEB pos. AFEB num. Int.cap.(pF) U(mv)20fc Gain Offset
   1 1 1532 0.253 95 7.3 52.3
   2 2 7303 0.232 76 6.8 60.8
   3 3 7305 0.231 60 7 80
   4 4 1768 0.242 87 7.4 60.8
   5 5 1723 0.241 87 6.9 51.4
   6 6 1760 0.23 81 6.9 56.6
   7 7 1854 0.234 79 7.1 61.7
   8 8 1815 0.254 87 7.2 56.9
   9 9 7465 0.205 88 7.3 57.3
   10 10 1803 0.243 76 7.4 71.7
   11 11 1833 0.218 85 7.1 56.9
   12 12 1468 0.23 85 6.9 53.1
   13 13 1477 0.222 88 6.9 50.6
   14 14 7565 0.216 47 7.2 96.4
   15 15 1475 0.229 81 6.8 54
   16 16 1713 0.256 65 7.3 80.3
   17 17 7438 0.219 77 7.2 66.2
   18 18 7280 0.242 70 7.2 73.2
   19 19 7447 0.253 65 6.1 58
   20 20 7278 0.217 87 7.1 54.8
   21 21 1533 0.235 57 6.9 80.6
   22 22 1470 0.243 73 6.2 51.2
   23 23 1562 0.233 71 7 69.1
   24 24 1558 0.218 85 7 56.1
