
                               #ME1_2 number 50.

#02-DEC-2014 , 22:14:49 (Geneva time)

   #N AFEB pos. AFEB num. Int.cap.(pF) U(mv)20fc Gain Offset
   1 1 4879 0.238 58 7.3 87.7
   2 2 6616 0.225 74 7.2 71.1
   3 3 4882 0.216 57 6.6 74.6
   4 4 4785 0.217 67 7 73.5
   5 5 4854 0.215 88 7 52.5
   6 6 4866 0.221 59 6.8 76.8
   7 7 5533 0.24 94 6.5 36.3
   8 8 5429 0.226 76 6.4 52.2
   9 9 5535 0.253 65 6.9 71.9
   10 10 5781 0.243 89 6.7 44.4
   11 11 5526 0.24 91 6.8 45.9
   12 12 5518 0.251 76 7 63.9
   13 13 1620 0.253 91 6.7 42.4
   14 14 7670 0.223 51 6.5 79.5
   15 15 4251 0.251 91 6.9 47.4
   16 16 4288 0.228 58 6.9 81.5
   17 17 5510 0.26 52 6.5 77.4
   18 18 5743 0.216 59 6.3 66.4
   19 19 5552 0.233 79 6.9 59.3
   20 20 4279 0.232 97 6.6 36.1
   21 21 5517 0.244 57 6.7 77
   22 22 5508 0.25 65 7.2 77.9
   23 23 1733 0.278 88 6.4 39.5
   24 24 4188 0.206 77 7.1 65.8
