
                              #ME234_2 number 96.

#02-DEC-2014 , 22:15:22 (Geneva time)

   #N AFEB pos. AFEB num. Int.cap.(pF) U(mv)20fc Gain Offset
   1 1 7100 0.216 105 7.2 39
   2 2 7088 0.232 68 7.3 78
   3 3 7118 0.225 57 6.4 70.8
   4 4 7089 0.239 73 6.8 63.9
   5 5 7083 0.231 52 6.9 86.8
   6 6 7091 0.264 85 6.7 48.6
   7 7 7103 0.24 45 7.2 99.1
   8 8 7068 0.245 61 6.9 76.5
   9 9 7027 0.272 77 6.9 61.8
   10 10 7128 0.237 83 6.7 50.1
   11 11 7098 0.212 116 7.1 25.5
   12 12 7096 0.232 57 6.8 78.8
   13 13 5328 0.232 54 6.7 79.5
   14 14 5330 0.253 68 7.2 77
   15 15 7002 0.24 107 7.4 41
   16 16 5481 0.227 66 6.1 55.8
   17 17 5432 0.253 55 6.5 75.5
   18 18 5306 0.209 90 6.8 47.2
   19 19 5433 0.243 60 6.7 73.6
   20 20 5364 0.204 119 7.2 24.6
   21 21 5440 0.215 108 6.8 28.7
   22 22 1736 0.236 75 6.7 58.9
   23 23 5437 0.237 64 6.3 60.8
   24 24 5373 0.232 75 6.8 59.8
