
                              #ME234_2 number 93.

#02-DEC-2014 , 22:15:22 (Geneva time)

   #N AFEB pos. AFEB num. Int.cap.(pF) U(mv)20fc Gain Offset
   1 1 3560 0.25 71 6.6 60.7
   2 2 3502 0.204 64 7.2 80.3
   3 3 4648 0.245 68 6.3 58.2
   4 4 3103 0.237 78 7.1 63.5
   5 5 3426 0.218 64 6.9 73.8
   6 6 3539 0.223 81 6.6 50.5
   7 7 3395 0.245 70 6.3 56.2
   8 8 1339 0.222 77 7.2 67.1
   9 9 3664 0.242 63 6.7 71.3
   10 10 1285 0.233 82 6.9 55.1
   11 11 3223 0.227 54 6.7 79.4
   12 12 3326 0.216 66 6.3 60
   13 13 3276 0.239 75 6.3 50.7
   14 14 3254 0.24 50 6.3 75.5
   15 15 3309 0.227 96 7.4 52.2
   16 16 3642 0.216 80 6.7 53.6
   17 17 2795 0.24 71 7 68.2
   18 18 3308 0.226 59 6.3 67.5
   19 19 2995 0.212 87 7.1 54.6
   20 20 3330 0.236 89 7.1 53.1
   21 21 3498 0.232 87 6.1 35.4
   22 22 3136 0.238 73 6.3 52.1
   23 23 3600 0.215 88 7 52.4
   24 24 1348 0.223 72 7.2 71.1
