
                               #ME2_1 number 27.

#02-DEC-2014 , 22:15:06 (Geneva time)

   #N AFEB pos. AFEB num. Int.cap.(pF) U(mv)20fc Gain Offset
   1 1 9929 0.245 76 6.7 58.3
   2 2 9928 0.249 78 6.8 57.2
   3 3 9924 0.236 79 6.8 57.2
   4 4 9922 0.232 71 6.9 66.9
   5 5 9932 0.26 59 6.8 76.8
   6 6 9910 0.267 80 6.6 51.9
   7 7 9935 0.232 85 7.3 61.7
   8 8 9126 0.244 69 6.9 68.9
   9 9 9920 0.204 74 7.1 67.3
   10 10 9415 0.247 108 6.7 26.7
   11 11 9327 0.254 43 6.7 90.6
   12 12 9440 0.249 97 6.6 33.9
   13 13 9916 0.241 93 6.8 42.1
   14 14 9921 0.253 84 6.4 45.2
   15 15 9911 0.227 99 6.2 24.7
   16 16 9211 0.243 74 6.9 65.3
   17 17 9318 0.228 84 7.2 61.1
   18 18 9193 0.223 65 6.4 62.3
   19 19 9268 0.253 88 7.2 56.3
   20 20 9275 0.242 80 6.7 53.5
   21 21 9294 0.234 83 6.8 53.8
   22 22 9424 0.229 96 6.3 29.1
   23 23 9485 0.211 81 7.1 59.8
   24 24 9909 0.247 77 6.7 57.7
   25 25 9614 0.228 88 6.2 36.6
   26 26 9611 0.26 81 6.7 52.3
   27 27 9156 0.234 67 6.8 68.1
   28 28 9939 0.238 74 7.2 70
   29 29 9610 0.243 79 7 61.7
   30 30 9944 0.238 44 6.5 86.6
   31 31 9438 0.246 96 6.5 33.8
   32 32 9320 0.243 64 7.1 77.5
   33 33 9293 0.263 74 7.8 81.7
   34 34 9482 0.243 93 6.3 33.2
   35 35 9371 0.227 68 6.2 56.8
   36 36 9197 0.218 54 6.6 78.6
   37 37 9917 0.242 62 7 78.2
   38 38 9937 0.241 52 6.3 73.1
   39 39 9933 0.223 86 6.9 52.5
   40 40 9398 0.223 70 7 69.8
   41 41 9914 0.248 92 7 47.6
   42 42 9283 0.235 78 7.2 66
