
                              #ME234_2 number 7.

#02-DEC-2014 , 22:15:09 (Geneva time)

   #N AFEB pos. AFEB num. Int.cap.(pF) U(mv)20fc Gain Offset
   1 1 145 0.267 113 6.9 25.4
   2 2 1295 0.254 122 7.2 22.8
   3 3 937 0.233 116 7.2 27.8
   4 4 353 0.231 113 6.7 21.4
   5 5 1615 0.211 123 7.3 23.2
   6 6 7457 0.238 120 7.1 21.2
   7 7 7401 0.252 110 7.1 32.1
   8 8 1574 0.236 110 6.9 27.6
   9 9 7456 0.218 135 6.6 -2.5
   10 10 7832 0.232 109 6.9 28.6
   11 11 705 0.229 141 7.1 1.3
   12 12 231 0.241 126 6.9 12.1
   13 13 1206 0.247 79 6 41.1
   14 14 1275 0.22 111 6.9 27
   15 15 1303 0.224 118 7.2 26.3
   16 16 1362 0.234 108 6.7 25.2
   17 17 1263 0.24 108 6.3 18.8
   18 18 7233 0.225 118 7 21.1
   19 19 759 0.242 113 6.7 21.8
   20 20 173 0.269 122 7 19.4
   21 21 626 0.233 123 7.2 22
   22 22 1335 0.266 123 6.6 9.5
   23 23 1088 0.274 115 6.6 16.9
   24 24 1426 0.241 117 6.9 21.9
