
                               #ME1_2 number 48.

#02-DEC-2014 , 22:14:48 (Geneva time)

   #N AFEB pos. AFEB num. Int.cap.(pF) U(mv)20fc Gain Offset
   1 1 4855 0.241 71 6.6 61.6
   2 2 6571 0.224 92 6.9 47.2
   3 3 6536 0.232 99 6.4 29.2
   4 4 5040 0.26 87 6.3 39.5
   5 5 6515 0.232 77 6.1 46.1
   6 6 4775 0.253 52 6.8 83.8
   7 7 5851 0.224 54 7 85.9
   8 8 5940 0.249 92 6.2 31.6
   9 9 6371 0.251 91 6.8 44.2
   10 10 5861 0.215 79 7.1 62.5
   11 11 6932 0.229 104 6.9 34.1
   12 12 5935 0.22 107 7.2 36.9
   13 13 6869 0.238 84 6.9 53.8
   14 14 6359 0.258 94 5.9 24.3
   15 15 6814 0.234 92 7 48.3
   16 16 6471 0.249 57 6.8 79.1
   17 17 6849 0.213 98 6.9 40
   18 18 6870 0.233 86 6.8 49.3
   19 19 6864 0.246 87 6.4 41.8
   20 20 6933 0.203 60 6.9 78.5
   21 21 5845 0.21 92 7.1 50.4
   22 22 6367 0.233 90 7.1 51.6
   23 23 6926 0.237 81 7.5 67.9
   24 24 6887 0.232 72 6.5 57.3
