
                              #ME234_2 number 44.

#02-DEC-2014 , 22:15:15 (Geneva time)

   #N AFEB pos. AFEB num. Int.cap.(pF) U(mv)20fc Gain Offset
   1 1 1619 0.217 90 6.3 35.8
   2 2 1492 0.248 84 6.5 46.3
   3 3 3331 0.243 94 6.5 35.6
   4 4 1667 0.237 103 7.2 41.4
   5 5 393 0.277 71 6.7 63.1
   6 6 3211 0.24 51 6.3 74.9
   7 7 3409 0.27 92 7.4 55.1
   8 8 1106 0.256 84 6.8 52.8
   9 9 1420 0.236 110 7 30.3
   10 10 3220 0.228 110 7.3 36.2
   11 11 8382 0.231 55 7.2 89.1
   12 12 3499 0.235 85 7 54.7
   13 13 1611 0.232 92 7.1 50.9
   14 14 2942 0.23 97 7.5 53.5
   15 15 91 0.236 104 6.8 32.4
   16 16 639 0.231 96 6.8 39
   17 17 680 0.241 103 7.2 41.9
   18 18 1396 0.235 72 6 48
   19 19 694 0.241 119 7.4 29
   20 20 402 0.241 84 6.9 54.8
   21 21 117 0.231 136 7.1 5.8
   22 22 3904 0.246 54 6.8 82.4
   23 23 3976 0.233 55 7 85
   24 24 2920 0.24 104 7.3 42.3
