
                               #ME1_2 number 66.

#02-DEC-2014 , 22:14:51 (Geneva time)

   #N AFEB pos. AFEB num. Int.cap.(pF) U(mv)20fc Gain Offset
   1 1 9116 0.267 85 6.8 50.2
   2 2 9190 0.219 50 6.5 79.7
   3 3 6583 0.234 98 6.6 32.8
   4 4 6558 0.216 97 7.1 44.4
   5 5 6119 0.236 78 6.9 60.6
   6 6 6153 0.204 78 7.1 63.7
   7 7 2058 0.227 104 7.4 44.4
   8 8 4673 0.236 102 6.8 34.3
   9 9 4296 0.21 61 7.1 81.8
   10 10 4722 0.245 84 7 56.6
   11 11 4017 0.207 96 7.1 46.2
   12 12 2000 0.233 88 7.1 54.1
   13 13 7179 0.24 90 7.2 53.9
   14 14 2063 0.238 100 6.8 36.7
   15 15 7237 0.222 98 7.2 46.1
   16 16 3969 0.222 121 6.9 16.2
   17 17 7317 0.233 77 7.2 66.8
   18 18 3903 0.256 86 7 53.9
   19 19 4003 0.239 67 7 72.9
   20 20 2049 0.243 85 6.5 44.5
   21 21 3981 0.233 66 6.8 69.5
   22 22 7368 0.228 56 7.3 90.9
   23 23 2023 0.245 78 6.6 53.8
   24 24 4011 0.222 76 6.9 63.2
