
                              #ME234_2 number 76.

#02-DEC-2014 , 22:15:19 (Geneva time)

   #N AFEB pos. AFEB num. Int.cap.(pF) U(mv)20fc Gain Offset
   1 1 5417 0.242 66 7 74.3
   2 2 5379 0.256 43 6.6 89.4
   3 3 5300 0.201 94 7.1 46.5
   4 4 5264 0.238 62 6.1 60.3
   5 5 5353 0.259 77 6.6 55.4
   6 6 5271 0.232 90 7 50
   7 7 5349 0.245 94 6.8 41.9
   8 8 5412 0.213 90 6.9 49
   9 9 7090 0.217 107 7.1 36
   10 10 5344 0.229 84 7 55
   11 11 7065 0.263 82 6.8 52.8
   12 12 5375 0.241 67 6.9 71.4
   13 13 5423 0.244 92 6.9 45.1
   14 14 5397 0.232 76 7.2 68.4
   15 15 5297 0.208 94 6.8 40.9
   16 16 5494 0.249 78 6.9 60.3
   17 17 7133 0.242 85 6.6 47.2
   18 18 5487 0.248 75 6.4 52.8
   19 19 5482 0.234 55 6.8 81
   20 20 7082 0.214 82 6.9 56.7
   21 21 5316 0.217 101 7.1 40.8
   22 22 5354 0.248 90 7.3 56.9
   23 23 5357 0.279 92 6.8 44.9
   24 24 5352 0.225 94 7 46.5
