
                             #ME234_2 number 225.

#02-DEC-2014 , 22:39:16 (Geneva time)

   #N AFEB pos. AFEB num. Int.cap.(pF) U(mv)20fc Gain Offset
   1 1 11302 0.229 90 6.8 47
   2 2 10208 0.249 119 7 20.9
   3 3 6142 0.24 70 6.8 65.5
   4 4 10036 0.238 97 7.3 50.1
   5 5 1709 0.299 99 6.7 34.1
   6 6 612 0.303 112 6.6 20.4
   7 7 10029 0.24 115 7.1 26.6
   8 8 10163 0.224 102 7 37.9
   9 9 10263 0.232 97 6.8 39
   10 10 10120 0.242 120 6.8 15.4
   11 11 10067 0.23 93 7.2 50.9
   12 12 10031 0.221 99 6.9 38.1
   13 13 10015 0.237 112 7.2 31.6
   14 14 10149 0.234 102 7 37.2
   15 15 10187 0.218 96 7.1 46.3
   16 16 10043 0.245 91 7 49.7
   17 17 12080250 0.2231 102.69 6.91 35.52
   18 18 11690 0.205 116 7.2 28
   19 19 10072 0.244 106 6.8 29.7
   20 20 10138 0.247 101 7.1 40.5
   21 21 10206 0.248 100 6.7 34.3
   22 22 10008 0.251 102 6.9 36
   23 23 10205 0.233 95 7.1 46.1
   24 24 10162 0.224 92 7.2 52.2
