
                               #ME1_2 number 68.

#02-DEC-2014 , 22:14:51 (Geneva time)

   #N AFEB pos. AFEB num. Int.cap.(pF) U(mv)20fc Gain Offset
   1 1 6527 0.239 45 6.2 79.5
   2 2 8038 0.233 122 7 16.8
   3 3 8137 0.235 85 6.8 50.7
   4 4 9229 0.211 64 6.6 67.7
   5 5 6656 0.219 93 7.1 49.4
   6 6 9319 0.22 75 7.2 68
   7 7 8825 0.252 53 6.7 81.5
   8 8 4026 0.203 93 7 47.6
   9 9 8749 0.231 51 6.6 81
   10 10 8614 0.239 102 6.9 36.5
   11 11 8751 0.233 84 6.6 48.2
   12 12 7615 0.217 122 7.3 24.5
   13 13 8840 0.241 82 6.1 40.5
   14 14 8882 0.209 96 7 44.2
   15 15 7380 0.225 95 6.8 41.4
   16 16 8789 0.247 92 7.2 50.8
   17 17 4008 0.255 74 7.1 67.9
   18 18 8794 0.247 83 6.8 53.3
   19 19 8906 0.231 81 7.1 61.4
   20 20 8847 0.266 61 6.6 70.8
   21 21 8788 0.259 75 7.1 68
   22 22 8817 0.218 76 6.4 52.5
   23 23 8750 0.245 67 6.7 67.5
   24 24 7473 0.272 55 6.6 77.6
