
                             #ME234_2 number 148.

#02-DEC-2014 , 22:15:30 (Geneva time)

   #N AFEB pos. AFEB num. Int.cap.(pF) U(mv)20fc Gain Offset
   1 1 10319 0.246 106 6.9 31
   2 2 11991 0.246 107 7 32.3
   3 3 11943 0.238 102 6.7 31.1
   4 4 10233 0.253 109 7 31.1
   5 5 12201 0.228 89 6.9 49
   6 6 10390 0.251 106 6.7 28.2
   7 7 11989 0.251 120 6.9 18.7
   8 8 10329 0.243 101 6.6 30.4
   9 9 11900 0.241 106 7.1 34.6
   10 10 10313 0.234 99 7.2 44.5
   11 11 12023 0.238 104 6.7 30.5
   12 12 10305 0.222 98 7.1 44
   13 13 10283 0.225 115 6.9 22.5
   14 14 10364 0.218 92 7.3 54.5
   15 15 11898 0.242 97 6.8 39.5
   16 16 10354 0.223 99 7.1 43.7
   17 17 11956 0.236 92 7.2 51.1
   18 18 10415 0.245 114 6.7 20.5
   19 19 11955 0.246 110 6.9 29
   20 20 10307 0.232 93 7.1 49.6
   21 21 11871 0.248 107 7.1 34.4
   22 22 10362 0.234 94 7 44.9
   23 23 11892 0.252 127 7.2 17.3
   24 24 10350 0.237 96 7 43.6
