
                               #ME1_3 number 47.

#02-DEC-2014 , 22:14:57 (Geneva time)

   #N AFEB pos. AFEB num. Int.cap.(pF) U(mv)20fc Gain Offset
   1 1 6383 0.236 57 6.6 75.5
   2 2 6700 0.24 88 7 51.9
   3 3 6435 0.24 83 6.3 42.3
   4 4 6404 0.249 81 6.3 44.6
   5 5 4847 0.243 73 7.1 69.2
   6 6 6405 0.238 79 7 61.8
   7 7 6469 0.259 77 7.1 64.9
   8 8 6730 0.241 78 6.8 58.1
   9 9 6077 0.223 49 6.8 86.9
   10 10 6253 0.217 70 7.3 74.9
   11 11 6322 0.251 67 6.9 70.3
   12 12 6217 0.25 63 6.8 73.2
