
                             #ME234_2 number 130.

#02-DEC-2014 , 22:15:27 (Geneva time)

   #N AFEB pos. AFEB num. Int.cap.(pF) U(mv)20fc Gain Offset
   1 1 5150 0.255 75 7.2 67.7
   2 2 4244 0.234 102 6.5 27.6
   3 3 5164 0.238 67 7.2 76.9
   4 4 4261 0.248 87 7 53
   5 5 4410 0.254 74 6.9 63.8
   6 6 9599 0.219 93 7.3 52.5
   7 7 5290 0.204 67 7.1 74.8
   8 8 4461 0.234 74 7 65.9
   9 9 4407 0.242 80 6.7 55
   10 10 9522 0.261 71 7.9 86.5
   11 11 4506 0.234 105 7.2 39
   12 12 4466 0.243 80 6.5 49.7
   13 13 4476 0.232 93 7.3 53.2
   14 14 3810 0.237 61 7 80.2
   15 15 4278 0.222 128 7.2 17.1
   16 16 5202 0.233 51 6.9 87.8
   17 17 5234 0.239 62 7.1 80.4
   18 18 4393 0.248 75 6.8 61.8
   19 19 4401 0.243 94 6.7 39.4
   20 20 4445 0.25 56 6.8 79.4
   21 21 9523 0.256 89 6.4 39.6
   22 22 5252 0.258 95 7.1 45.9
   23 23 4499 0.248 48 6.4 80.5
   24 24 5225 0.221 75 7.5 75.2
