
                               #ME1_3 number 57.

#02-DEC-2014 , 22:14:58 (Geneva time)

   #N AFEB pos. AFEB num. Int.cap.(pF) U(mv)20fc Gain Offset
   1 1 9803 0.244 88 6.8 48.4
   2 2 9700 0.249 75 6.7 60.2
   3 3 8355 0.23 54 7.4 94.8
   4 4 8315 0.253 68 6.5 62.5
   5 5 8244 0.254 66 6.6 66
   6 6 8297 0.25 68 7.1 74.2
   7 7 9692 0.257 58 6.9 80.3
   8 8 8310 0.229 84 7 56.1
   9 9 7189 0.208 84 7 55.5
   10 10 8173 0.215 65 7 74.1
   11 11 8209 0.232 92 7.3 54.6
   12 12 8513 0.247 85 7 54.4
