
                               #ME1_3 number 32.

#02-DEC-2014 , 22:14:56 (Geneva time)

   #N AFEB pos. AFEB num. Int.cap.(pF) U(mv)20fc Gain Offset
   1 1 8920 0.236 68 7.3 77.3
   2 2 8915 0.235 88 6.9 49.5
   3 3 8853 0.249 82 6.9 54.7
   4 4 8966 0.238 102 7.1 38.9
   5 5 9879 0.296 97 6.8 38.9
   6 6 7797 0.223 93 6.9 46.5
   7 7 8500 0.244 74 6.3 51.6
   8 8 9882 0.248 75 6.6 57.4
   9 9 8837 0.249 86 6.7 48.4
   10 10 8746 0.249 86 6.5 44.6
   11 11 8591 0.26 94 6.8 41.8
   12 12 6891 0.244 58 6.5 72.6
