
                               #ME1_3 number 73.

#02-DEC-2014 , 22:15:00 (Geneva time)

   #N AFEB pos. AFEB num. Int.cap.(pF) U(mv)20fc Gain Offset
   1 1 6785 0.231 87 7.1 55.5
   2 2 6775 0.238 66 7.2 78.2
   3 3 5035 0.237 50 6 69.6
   4 4 6695 0.243 88 6.9 49.9
   5 5 6612 0.242 55 6.8 80.4
   6 6 6625 0.242 66 7 74.6
   7 7 4901 0.208 68 6.9 70.4
   8 8 6714 0.229 72 7.1 70.4
   9 9 8964 0.249 87 6.9 51.8
   10 10 6181 0.297 103 6.2 20.7
   11 11 6555 0.232 84 6.9 54.6
   12 12 6613 0.22 93 7 47.2
