
                              #ME234_2 number 74.

#02-DEC-2014 , 22:15:19 (Geneva time)

   #N AFEB pos. AFEB num. Int.cap.(pF) U(mv)20fc Gain Offset
   1 1 3621 0.228 92 7.4 56.2
   2 2 3422 0.239 78 7 62.2
   3 3 4300 0.241 74 6.8 62.2
   4 4 1198 0.246 71 6.8 65.7
   5 5 4536 0.245 78 7.2 66.9
   6 6 7327 0.229 76 7.1 65.3
   7 7 79 0.271 81 6.8 53.8
   8 8 187 0.274 74 7 66.1
   9 9 1595 0.227 62 6.5 67.3
   10 10 3515 0.242 72 6.5 57.9
   11 11 1428 0.22 58 6.9 80.9
   12 12 1282 0.205 81 7.4 66.6
   13 13 1486 0.204 82 7.2 60.8
   14 14 1670 0.223 89 7.1 53
   15 15 3575 0.214 53 6.5 76.4
   16 16 3587 0.258 62 6.8 73.1
   17 17 1703 0.22 83 7.2 62
   18 18 1547 0.245 65 6.6 66.3
   19 19 3301 0.231 73 6.9 65.2
   20 20 3486 0.243 62 6.8 75.4
   21 21 3527 0.23 69 6.5 59.9
   22 22 1437 0.208 92 7.1 50
   23 23 2428 0.227 55 6.9 83.4
   24 24 3511 0.218 78 6.6 54.1
