
                              #ME234_2 number 60.

#02-DEC-2014 , 22:15:17 (Geneva time)

   #N AFEB pos. AFEB num. Int.cap.(pF) U(mv)20fc Gain Offset
   1 1 299 0.244 99 7.3 46.3
   2 2 2843 0.251 98 6.7 35
   3 3 1234 0.214 104 6.9 34.7
   4 4 685 0.262 101 7.1 40
   5 5 1265 0.216 78 6.2 47.1
   6 6 790 0.244 100 6.7 34.2
   7 7 1780 0.247 96 6.3 31.1
   8 8 257 0.225 101 6.9 37.2
   9 9 1332 0.247 100 6.9 38.3
   10 10 1725 0.226 97 7 43.7
   11 11 679 0.239 107 6.9 30.1
   12 12 7266 0.217 105 7.4 43.7
   13 13 1763 0.22 81 6.4 46.7
   14 14 1674 0.239 93 6.8 43.6
   15 15 1463 0.228 88 6.2 37.2
   16 16 2870 0.205 93 7 46.3
   17 17 7274 0.243 100 6.9 37.7
   18 18 1754 0.223 76 6.2 48.1
   19 19 3439 0.222 106 7 33
   20 20 1556 0.258 94 6.8 42.7
   21 21 1482 0.243 80 6.3 46.8
   22 22 4275 0.231 105 6.9 34.1
   23 23 661 0.239 107 6.9 32.2
   24 24 4219 0.245 91 6.7 43.8
