
                             #ME234_2 number 259.

#02-DEC-2014 , 22:39:16 (Geneva time)

   #N AFEB pos. AFEB num. Int.cap.(pF) U(mv)20fc Gain Offset
   1 1 12080726 0.2132 113.01 7.34 33.76
   2 2 12080730 0.2172 102.11 7.06 39.06
   3 3 12080222 0.213 71.49 6.96 67.7
   4 4 12080260 0.2508 77.33 7.16 65.78
   5 5 12080599 0.2399 87.27 7.28 58.34
   6 6 12080539 0.1954 125.9 6.94 12.98
   7 7 12080127 0.2449 97.31 6.92 41.09
   8 8 12080311 0.2205 41.62 7.2 102.35
   9 9 12080657 0.2226 106.7 7.48 42.9
   10 10 12080328 0.2216 62.73 7.09 79.02
   11 11 12080627 0.2008 97.01 6.94 41.86
   12 12 12080229 0.2146 105.88 7.1 36.05
   13 13 12080257 0.2448 63.91 6.35 63.1
   14 14 12080026 0.2108 97.12 7.07 44.22
   15 15 12080562 0.2174 80.35 7.07 61.15
   16 16 12080471 0.2046 99.27 7.26 45.96
   17 17 12080394 0.2065 146.42 7.13 -3.88
   18 18 12080623 0.2122 85.97 7.28 59.66
   19 19 12080682 0.2355 38.87 7.13 103.72
   20 20 12080548 0.2062 82.36 6.89 55.46
   21 21 12080177 0.2009 74.39 7.14 68.48
   22 22 12080019 0.2072 101.88 7 38.13
   23 23 12080446 0.2152 87.37 7.01 52.8
   24 24 12080421 0.2213 79.3 7.18 64.26
