
                             #ME234_2 number 234.

#02-DEC-2014 , 22:39:20 (Geneva time)

   #N AFEB pos. AFEB num. Int.cap.(pF) U(mv)20fc Gain Offset
   1 1 12080410 0.2394 92.12 7.06 49.02
   2 2 12080349 0.212 64.67 6.99 75.15
   3 3 12080021 0.2113 94.32 7.34 52.45
   4 4 12080293 0.2391 87.73 7.28 57.79
   5 5 12080159 0.2305 86.34 6.47 42.97
   6 6 12080742 0.2242 83.63 7.01 56.66
   7 7 12080378 0.195 120.4 7.08 21.18
   8 8 12080743 0.2063 79.95 7.06 61.34
   9 9 12080667 0.225 77.79 7.11 64.39
   10 10 12080091 0.2486 54.96 6.71 79.2
   11 11 12080633 0.2289 85.44 6.97 53.9
   12 12 12080264 0.2155 85.56 7.02 54.76
   13 13 12080218 0.2107 103.99 7.04 36.89
   14 14 12080255 0.2093 86.42 7.12 56.05
   15 15 12080456 0.207 109.86 6.79 25.91
   16 16 12080530 0.2054 87.84 7 52.13
   17 17 12080468 0.1974 95.24 7.25 49.78
   18 18 12080463 0.2419 86.74 6.54 44.16
   19 19 12080294 0.2221 79.39 7.12 63.09
   20 20 12080434 0.2225 54.8 6.89 83.07
   21 21 12080442 0.2148 85.02 6.91 53.18
   22 22 11005 0.25 75 6.6 56.4
   23 23 12080044 0.2068 94.53 6.97 44.95
   24 24 12080454 0.2089 100.19 7.08 41.44
