
                             #ME234_2 number 120.

#02-DEC-2014 , 22:15:26 (Geneva time)

   #N AFEB pos. AFEB num. Int.cap.(pF) U(mv)20fc Gain Offset
   1 1 11099 0.234 108 7.4 40.4
   2 2 11306 0.251 105 7.2 38.2
   3 3 11760 0.275 108 6.8 26.9
   4 4 11426 0.244 50 6.6 82.2
   5 5 11706 0.298 123 6.6 9.1
   6 6 11416 0.265 105 7.5 44.6
   7 7 11549 0.243 101 6.9 36.4
   8 8 11576 0.25 96 6.6 36.4
   9 9 11682 0.243 110 6.7 23.2
   10 10 11393 0.224 120 7.5 29.6
   11 11 11228 0.23 104 7.1 37
   12 12 11331 0.237 104 7.2 40.7
   13 13 11548 0.233 114 7.4 35.1
   14 14 11552 0.235 112 7 28.3
   15 15 11587 0.218 101 6.9 36.6
   16 16 11083 0.217 57 6.7 76.8
   17 17 11568 0.227 102 7.1 40.1
   18 18 11692 0.224 95 7 45.3
   19 19 11427 0.229 121 6.7 11.7
   20 20 11776 0.229 98 6.9 41.1
   21 21 11591 0.218 89 7.4 59.7
   22 22 11770 0.264 113 7.4 35.8
   23 23 11671 0.208 121 7.2 23
   24 24 11377 0.23 57 6.7 78
