
                               #ME1_2 number 2.

#02-DEC-2014 , 22:14:42 (Geneva time)

   #N AFEB pos. AFEB num. Int.cap.(pF) U(mv)20fc Gain Offset
   1 1 6169 0.244 71 6.6 61.6
   2 2 6574 0.21 77 7.2 66.6
   3 3 6658 0.209 88 7 51.7
   4 4 6105 0.256 116 7 23.8
   5 5 6573 0.257 86 7.2 57.6
   6 6 6246 0.231 83 7.1 57.8
   7 7 7606 0.247 69 6.9 69
   8 8 7541 0.253 62 7.2 81.6
   9 9 9384 0.24 76 7.2 68.2
   10 10 7506 0.247 70 6.7 63.3
   11 11 7353 0.224 77 6.9 61.1
   12 12 7589 0.241 91 6.6 41.3
   13 13 7584 0.242 89 7.5 61.1
   14 14 7211 0.233 61 7 77.9
   15 15 7621 0.229 74 6.6 58.6
   16 16 7600 0.229 49 6.4 78.7
   17 17 7609 0.247 73 7.2 70.1
   18 18 7571 0.241 80 6.5 49.3
   19 19 7570 0.26 84 7 55.2
   20 20 7546 0.217 92 6.9 46.2
   21 21 7597 0.245 84 7 56.3
   22 22 7184 0.241 60 7 80.8
   23 23 7413 0.239 81 7.2 62.6
   24 24 7489 0.242 79 6.8 57
