
                             #ME234_2 number 118.

#02-DEC-2014 , 22:15:26 (Geneva time)

   #N AFEB pos. AFEB num. Int.cap.(pF) U(mv)20fc Gain Offset
   1 1 12013 0.232 99 6.9 38.7
   2 2 12031 0.242 96 6.9 42.6
   3 3 11081 0.24 111 7 29.8
   4 4 4397 0.228 66 6.8 70.4
   5 5 4432 0.237 56 6.7 78
   6 6 4398 0.239 64 7.5 85.7
   7 7 5174 0.229 91 7.1 49.9
   8 8 5287 0.244 76 6.8 60.2
   9 9 4395 0.259 86 6.8 49.3
   10 10 12005 0.243 94 6.8 42.1
   11 11 11588 0.245 105 6.7 28.4
   12 12 12038 0.218 110 7.2 32.7
   13 13 4513 0.243 82 7.1 60.1
   14 14 4387 0.236 76 7.3 70.8
   15 15 4224 0.274 74 6.6 58.2
   16 16 11959 0.242 123 6.8 13.6
   17 17 4418 0.231 80 6.8 56.7
   18 18 4385 0.237 100 6.7 34.3
   19 19 4411 0.23 75 7.1 65.8
   20 20 4462 0.233 81 6.7 52.5
   21 21 4451 0.233 92 7 47.7
   22 22 4252 0.239 95 7.4 53
   23 23 9554 0.271 90 6.6 40.9
   24 24 4199 0.248 53 6.9 85
