
                               #ME3_1 number 36.

#02-DEC-2014 , 22:15:36 (Geneva time)

   #N AFEB pos. AFEB num. Int.cap.(pF) U(mv)20fc Gain Offset
   1 1 3334 0.242 74 7.1 67.6
   2 2 2970 0.241 81 6.7 53.3
   3 3 9 0.283 110 6.7 23.3
   4 4 1370 0.216 86 7 54.6
   5 5 312 0.287 111 6.5 19.8
   6 6 692 0.228 115 7.2 28
   7 7 437 0.223 81 6.7 53.4
   8 8 1157 0.236 82 6.9 56.4
   9 9 1318 0.213 91 6.9 46.7
   10 10 949 0.254 69 7 70.5
   11 11 261 0.277 103 6.8 32.9
   12 12 1352 0.232 66 7 74.3
   13 13 720 0.259 102 6.7 31.9
   14 14 1149 0.246 78 6.8 59.3
   15 15 1649 0.214 81 6.4 46.4
   16 16 771 0.241 121 6.8 15.1
   17 17 1137 0.247 66 6.9 72
   18 18 2932 0.252 115 6.6 16.3
   19 19 1366 0.219 73 7.2 70.5
   20 20 64 0.229 107 7 32.5
   21 21 1685 0.238 117 6.8 19.6
   22 22 739 0.235 100 7 40.2
   23 23 2311 0.235 93 7.3 53.5
   24 24 1347 0.232 58 6.3 68.9
   25 25 212 0.228 78 6.8 57
   26 26 1432 0.257 93 6.7 40.9
   27 27 221 0.279 93 6.6 38.1
   28 28 53 0.241 88 6.8 47.8
   29 29 186 0.256 130 6.8 6.3
   30 30 1808 0.239 78 6.9 61.3
   31 31 172 0.242 145 7.3 2.1
   32 32 1324 0.216 75 7 65.5
   33 33 243 0.24 88 6.7 46.6
   34 34 1677 0.213 95 7.1 46.2
   35 35 198 0.277 105 6.8 31.8
   36 36 256 0.233 107 6.9 31.5
