
                              #ME234_2 number 19.

#02-DEC-2014 , 22:15:11 (Geneva time)

   #N AFEB pos. AFEB num. Int.cap.(pF) U(mv)20fc Gain Offset
   1 1 3383 0.219 91 7.5 59.9
   2 2 733 0.239 77 6.7 57.6
   3 3 1143 0.248 53 7.1 87.8
   4 4 1255 0.216 72 7.2 71.9
   5 5 552 0.281 106 6.8 30
   6 6 698 0.252 98 7.1 43
   7 7 141 0.24 154 6.8 -17.8
   8 8 2367 0.263 80 6.9 57.9
   9 9 3272 0.232 83 6.2 41.5
   10 10 485 0.236 104 6.9 33.7
   11 11 40 0.282 82 6.8 54.9
   12 12 2801 0.246 72 6.2 52.8
   13 13 3549 0.229 87 6.4 41.2
   14 14 666 0.275 99 6.8 36.9
   15 15 2563 0.233 85 6.8 51.5
   16 16 278 0.247 97 7 42.8
   17 17 2403 0.239 99 7 40.7
   18 18 2499 0.218 80 7.8 75.2
   19 19 3919 0.225 90 7.1 51.6
   20 20 1331 0.258 47 6.2 77.9
   21 21 443 0.232 78 6.9 60.9
   22 22 4427 0.237 78 6.7 55.4
   23 23 158 0.227 88 6.7 45.7
   24 24 3435 0.231 60 6.9 77.7
