
                             #ME234_2 number 131.

#02-DEC-2014 , 22:15:28 (Geneva time)

   #N AFEB pos. AFEB num. Int.cap.(pF) U(mv)20fc Gain Offset
   1 1 4426 0.225 101 6.8 36
   2 2 5148 0.207 88 7 52.1
   3 3 9592 0.231 71 6.8 65.4
   4 4 9552 0.235 76 6.3 50.6
   5 5 5162 0.248 57 6.7 76.5
   6 6 8560 0.263 62 6.2 62.5
   7 7 4507 0.227 71 7.4 77.8
   8 8 9562 0.226 89 6.9 50.4
   9 9 4491 0.236 79 7.1 63.9
   10 10 4428 0.23 74 7.1 68.2
   11 11 5239 0.234 87 7.2 56.5
   12 12 4485 0.234 70 7.5 80.4
   13 13 5240 0.229 71 7.2 72.2
   14 14 4458 0.236 59 6.7 73.7
   15 15 4497 0.219 112 6.9 26.5
   16 16 4383 0.243 93 6.3 33.4
   17 17 4467 0.239 91 6.9 47.5
   18 18 8557 0.226 64 6.4 65.2
   19 19 5190 0.242 83 6.9 55.4
   20 20 5281 0.225 83 7.3 62.8
   21 21 5163 0.274 86 7.1 56
   22 22 4187 0.246 61 6.7 72.4
   23 23 4232 0.238 76 7 63.4
   24 24 4414 0.27 84 7.1 58.4
