
                               #ME3_1 number 7.

#02-DEC-2014 , 22:15:32 (Geneva time)

   #N AFEB pos. AFEB num. Int.cap.(pF) U(mv)20fc Gain Offset
   1 1 10465 0.266 108 7.2 36.8
   2 2 10635 0.292 97 6.9 41.3
   3 3 10557 0.223 96 7.1 45.4
   4 4 11153 0.227 83 6.7 50.1
   5 5 10399 0.255 135 7 4.9
   6 6 10529 0.258 105 7 35
   7 7 10299 0.241 98 7 41.9
   8 8 10356 0.23 121 6.7 12.9
   9 9 10368 0.226 114 6.8 22.7
   10 10 10306 0.245 115 6.7 18.5
   11 11 10520 0.225 107 6.9 31.3
   12 12 11433 0.22 117 7.3 29.2
   13 13 10338 0.218 100 6.6 32.1
   14 14 10637 0.244 100 6.9 38.4
   15 15 10434 0.228 108 6.7 26.2
   16 16 10403 0.248 122 7.2 22.3
   17 17 10640 0.228 107 6.7 26.3
   18 18 10532 0.253 113 6.8 21.7
   19 19 10414 0.247 101 6.8 34.6
   20 20 10384 0.236 106 6.4 21.8
   21 21 10531 0.235 101 7 38.1
   22 22 10553 0.226 114 6.6 18.3
   23 23 10648 0.232 116 7 23.2
   24 24 10555 0.242 116 6.6 16.7
   25 25 10321 0.224 115 6.7 19.8
   26 26 10409 0.242 100 6.9 37.5
   27 27 10510 0.241 119 6.7 15.6
   28 28 10519 0.225 106 6.8 30.1
   29 29 10395 0.232 102 7 37.9
   30 30 10642 0.237 100 7.3 46
   31 31 10544 0.245 111 6.8 24.6
   32 32 10538 0.241 119 6.6 12.8
   33 33 10542 0.242 106 6.8 29.3
   34 34 10462 0.232 105 6.8 31.4
   35 35 10512 0.252 117 6.8 18.6
   36 36 10422 0.253 107 6.8 28.6
