
                               #ME1_2 number 15.

#02-DEC-2014 , 22:14:44 (Geneva time)

   #N AFEB pos. AFEB num. Int.cap.(pF) U(mv)20fc Gain Offset
   1 1 6739 0.236 50 6.8 87.1
   2 2 4921 0.204 77 6.8 58.3
   3 3 8064 0.232 49 6.9 90.5
   4 4 4972 0.215 52 6.5 77.3
   5 5 6639 0.228 78 6.6 53.6
   6 6 4954 0.253 84 7 56.5
   7 7 5114 0.217 71 7.6 79.8
   8 8 5802 0.216 90 7 49.8
   9 9 5073 0.249 68 6.9 70.4
   10 10 5099 0.208 57 7.2 87.7
   11 11 6843 0.233 100 7 39.6
   12 12 6916 0.245 65 6.8 70.9
   13 13 6900 0.237 96 7.2 47.6
   14 14 6986 0.23 92 7 48.9
   15 15 6851 0.241 78 6.9 60.4
   16 16 6943 0.237 69 6.7 65.8
   17 17 6904 0.259 86 6.5 44.4
   18 18 6978 0.234 56 6.7 76.9
   19 19 5907 0.241 83 6.9 54.9
   20 20 6924 0.241 76 6 43
   21 21 6920 0.229 83 7.2 61.9
   22 22 6897 0.24 94 7.2 50.3
   23 23 6898 0.26 119 6.5 11
   24 24 6854 0.232 74 7.1 67.6
