
                               #ME2_1 number 35.

#02-DEC-2014 , 22:15:08 (Geneva time)

   #N AFEB pos. AFEB num. Int.cap.(pF) U(mv)20fc Gain Offset
   1 1 3574 0.243 57 6.9 80.2
   2 2 3208 0.234 69 6.4 58.6
   3 3 2856 0.227 71 7.3 76.2
   4 4 3643 0.226 103 7.1 37.8
   5 5 2588 0.239 115 7.3 31.3
   6 6 2510 0.29 51 7.1 90.9
   7 7 3116 0.294 80 6.8 54.8
   8 8 2292 0.253 81 7.1 62.1
   9 9 3299 0.238 65 6.5 65
   10 10 2443 0.221 41 6.5 89.1
   11 11 2421 0.203 77 7.4 70.2
   12 12 89 0.29 112 6.7 21.1
   13 13 3382 0.205 70 7 70.3
   14 14 3438 0.209 84 7.1 57.6
   15 15 674 0.241 142 6.8 -5.5
   16 16 1 0.248 92 6.7 41.6
   17 17 987 0.256 95 6.9 42.9
   18 18 591 0.285 117 6.6 15.7
   19 19 246 0.235 103 7.2 41.6
   20 20 3210 0.259 82 7.3 63.4
   21 21 865 0.282 76 6.4 53.3
   22 22 1020 0.242 112 6.8 24.3
   23 23 797 0.246 110 7 29.4
   24 24 146 0.239 122 6.6 10.1
   25 25 2420 0.257 80 6.7 53.5
   26 26 2489 0.224 95 6.9 42.4
   27 27 274 0.265 75 6.9 63.7
   28 28 833 0.246 98 6.7 36.4
   29 29 75 0.237 99 7.1 43.2
   30 30 372 0.245 125 6.9 12.5
   31 31 421 0.233 96 6.8 40.3
   32 32 586 0.298 93 6.9 44.6
   33 33 109 0.29 78 6.8 57
   34 34 1700 0.265 120 6.9 18.1
   35 35 167 0.237 118 6.7 16.2
   36 36 763 0.292 117 6.6 14.4
   37 37 802 0.286 89 6.6 42.2
   38 38 424 0.276 69 6.8 66.4
   39 39 1037 0.24 125 6.8 12
   40 40 684 0.244 99 7.1 43
   41 41 277 0.243 97 7 43.5
   42 42 767 0.297 105 6.6 27.7
