
                             #ME234_2 number 116.

#02-DEC-2014 , 22:15:25 (Geneva time)

   #N AFEB pos. AFEB num. Int.cap.(pF) U(mv)20fc Gain Offset
   1 1 11143 0.233 92 6.9 46.5
   2 2 11713 0.217 113 6.6 19.4
   3 3 11651 0.235 99 6.9 38.7
   4 4 11632 0.218 100 7 41.1
   5 5 11394 0.218 77 6.9 61.8
   6 6 11777 0.243 87 7.3 58.7
   7 7 11703 0.234 116 7.3 31
   8 8 11615 0.228 106 6.9 31.6
   9 9 11780 0.217 116 6.8 20
   10 10 11186 0.247 103 7.5 46.1
   11 11 11686 0.222 107 7.2 36.5
   12 12 11708 0.224 103 6.9 35.3
   13 13 11584 0.23 106 6.9 31.5
   14 14 11658 0.244 94 6.8 41.4
   15 15 11567 0.277 95 7.4 53.5
   16 16 11350 0.242 98 6.9 40.3
   17 17 11400 0.241 89 7.1 53
   18 18 11347 0.25 74 6.8 61.4
   19 19 11693 0.216 94 7.2 50.8
   20 20 11636 0.217 97 6.9 41.5
   21 21 11644 0.25 95 7 45.8
   22 22 11617 0.225 100 7.3 46.6
   23 23 11716 0.224 112 6.9 26.9
   24 24 11601 0.251 102 6.7 31.6
