
                               #ME2_1 number 4.

#02-DEC-2014 , 22:15:01 (Geneva time)

   #N AFEB pos. AFEB num. Int.cap.(pF) U(mv)20fc Gain Offset
   1 1 4019 0.207 59 7.6 92.2
   2 2 8036 0.253 80 7.1 61.6
   3 3 8051 0.246 81 6.4 46.1
   4 4 7956 0.242 75 6.9 63.2
   5 5 3775 0.234 97 7 43.1
   6 6 8011 0.225 68 6.4 60
   7 7 7976 0.237 76 6.8 60.7
   8 8 3770 0.249 92 7 48.3
   9 9 8020 0.233 64 6.6 67.6
   10 10 3765 0.243 72 6.9 65.8
   11 11 7965 0.235 85 7.1 56.6
   12 12 8022 0.27 64 7 76.4
   13 13 3745 0.238 93 6.9 46.4
   14 14 7944 0.221 52 7.5 98.5
   15 15 8000 0.216 106 7 34.1
   16 16 7923 0.254 64 6.9 73.4
   17 17 8111 0.25 59 7.2 85.4
   18 18 4013 0.238 80 7.4 66.7
   19 19 7952 0.236 95 6.7 38.7
   20 20 3760 0.245 56 6.9 82.5
   21 21 3696 0.246 94 6.9 42.8
   22 22 3996 0.224 69 7 71.6
   23 23 3755 0.236 82 6.9 57
   24 24 3791 0.264 91 6.8 45.2
   25 25 3797 0.258 73 6.7 59.8
   26 26 4035 0.251 63 6.8 73.9
   27 27 3776 0.222 69 6.9 69.1
   28 28 7933 0.248 96 7.1 45.2
   29 29 4040 0.25 81 6.9 57.4
   30 30 984 0.273 92 6.6 39.6
   31 31 1131 0.249 80 6.6 52.6
   32 32 2535 0.222 69 7.2 74
   33 33 3325 0.257 82 7 58.1
   34 34 2436 0.23 72 6.6 61
   35 35 2957 0.213 66 7 74.2
   36 36 3463 0.223 89 6 31.2
   37 37 2349 0.228 67 7 73.5
   38 38 931 0.232 107 7 32.4
   39 39 2506 0.207 98 7 42.7
   40 40 1141 0.25 109 6.9 30.3
   41 41 2552 0.24 110 7 30.7
   42 42 2369 0.232 80 7.1 61.9
