
                               #ME1_3 number 27.

#02-DEC-2014 , 22:14:55 (Geneva time)

   #N AFEB pos. AFEB num. Int.cap.(pF) U(mv)20fc Gain Offset
   1 1 9854 0.229 54 6.8 81.5
   2 2 9167 0.228 98 7 41.9
   3 3 9064 0.235 81 6.8 54.1
   4 4 9695 0.24 85 6.9 52.2
   5 5 9102 0.284 45 6.8 91.3
   6 6 9145 0.229 84 7.1 57.8
   7 7 9120 0.25 61 7.3 85.9
   8 8 9109 0.238 82 7.3 63.2
   9 9 8547 0.29 89 6.8 46.9
   10 10 9158 0.233 83 7.3 62.5
   11 11 9726 0.214 62 7.1 78.8
   12 12 2941 0.268 81 7.2 62.2
