
                               #ME4_1 number 24.

#02-DEC-2014 , 22:15:41 (Geneva time)

   #N AFEB pos. AFEB num. Int.cap.(pF) U(mv)20fc Gain Offset
   1 1 10681 0.283 97 7.1 44.3
   2 2 10782 0.227 98 6.7 37.1
   3 3 11747 0.242 114 7.1 27.9
   4 4 11751 0.267 116 7.3 29.2
   5 5 10682 0.223 115 7.3 31.3
   6 6 11510 0.229 108 6.8 26.7
   7 7 12062 0.232 94 6.9 43.5
   8 8 11607 0.216 100 6.9 37.6
   9 9 11631 0.219 112 7.2 31.1
   10 10 11499 0.264 92 7.7 61
   11 11 11540 0.231 106 6.6 26.3
   12 12 10705 0.235 107 7 31.9
   13 13 11702 0.244 110 6.8 25
   14 14 11667 0.232 102 7.2 41.4
   15 15 10710 0.283 104 6.7 31.1
   16 16 11532 0.244 87 7.4 62.2
   17 17 11476 0.243 97 6.8 39.1
   18 18 10697 0.234 101 7.4 46
   19 19 10752 0.215 104 6.8 32.9
   20 20 11487 0.238 137 7.1 4.4
   21 21 11726 0.247 99 7 41.7
   22 22 11525 0.231 113 6.6 19.3
   23 23 11646 0.232 119 6.7 14.1
   24 24 11621 0.229 103 6.8 34.1
   25 25 11659 0.217 105 6.9 33.9
   26 26 11614 0.225 105 6.7 28.8
   27 27 11622 0.233 96 6.8 40.6
   28 28 10703 0.233 96 7.2 47
   29 29 11485 0.215 104 7 35.8
   30 30 11479 0.218 96 7 43.7
   31 31 10685 0.218 99 7.1 42.1
   32 32 11526 0.234 110 6.9 28.6
   33 33 11478 0.23 95 7.3 50.3
   34 34 11684 0.215 106 6.9 33.3
   35 35 10778 0.213 103 6.8 31.6
   36 36 10669 0.217 93 7 47.2
