
                               #ME1_2 number 42.

#02-DEC-2014 , 22:14:47 (Geneva time)

   #N AFEB pos. AFEB num. Int.cap.(pF) U(mv)20fc Gain Offset
   1 1 4943 0.216 90 7 49.9
   2 2 4806 0.244 76 6.8 59.2
   3 3 4850 0.215 81 7 58.7
   4 4 4751 0.218 70 7 69.6
   5 5 4875 0.203 94 7.3 52
   6 6 4974 0.239 58 7.3 88.9
   7 7 5529 0.238 51 7.3 95.8
   8 8 5516 0.234 93 6.8 43.8
   9 9 4402 0.277 85 7.1 56.8
   10 10 4272 0.247 78 7.3 67.9
   11 11 7366 0.23 74 6.8 62.2
   12 12 1518 0.235 80 7 60.2
   13 13 5519 0.274 58 7.4 89.9
   14 14 5580 0.23 60 7.1 82.8
   15 15 5772 0.265 57 7.2 86.8
   16 16 4243 0.199 92 6.9 46.8
   17 17 1272 0.217 107 7 31.9
   18 18 4283 0.245 61 6.9 77.2
   19 19 4289 0.224 83 6.7 52
   20 20 4280 0.262 84 7.6 68
   21 21 7402 0.232 85 6.4 43.6
   22 22 5584 0.219 94 7 46.1
   23 23 5478 0.247 47 6.8 88.4
   24 24 5716 0.25 79 6.9 58.7
