
                              #ME234_2 number 99.

#02-DEC-2014 , 22:15:23 (Geneva time)

   #N AFEB pos. AFEB num. Int.cap.(pF) U(mv)20fc Gain Offset
   1 1 1832 0.212 83 6.9 55.5
   2 2 1776 0.234 76 7.4 71.3
   3 3 7434 0.215 82 7 58.6
   4 4 1816 0.231 65 7 74.7
   5 5 1748 0.242 80 6.7 54.9
   6 6 1851 0.213 58 6.4 71.1
   7 7 1839 0.213 56 6.9 83
   8 8 4281 0.28 71 6.7 63.1
   9 9 1467 0.207 77 6.8 58.2
   10 10 1516 0.225 68 6.8 68.1
   11 11 1609 0.23 60 7.1 82.5
   12 12 1551 0.221 62 7.2 81.5
   13 13 1637 0.244 69 6.1 53
   14 14 1757 0.203 74 6.9 62.7
   15 15 1552 0.251 75 7.4 73.4
   16 16 1633 0.223 75 6.4 52
   17 17 7442 0.227 60 7.1 82.7
   18 18 7243 0.242 61 6.8 75.4
   19 19 7817 0.256 83 6.9 56.1
   20 20 7717 0.272 90 7.2 54.6
   21 21 7322 0.232 72 7.2 72.9
   22 22 7458 0.24 75 7 65.4
   23 23 7423 0.234 72 7.2 71.7
   24 24 7409 0.236 95 6.8 40.8
