
                               #ME2_1 number 21.

#02-DEC-2014 , 22:15:05 (Geneva time)

   #N AFEB pos. AFEB num. Int.cap.(pF) U(mv)20fc Gain Offset
   1 1 1235 0.235 68 7.1 73.7
   2 2 2427 0.243 106 6.9 31.2
   3 3 3202 0.277 55 6.9 83.6
   4 4 2561 0.215 68 7 71.7
   5 5 2572 0.222 67 6.6 64.5
   6 6 1191 0.249 59 6.9 78
   7 7 2380 0.214 88 6.8 49.3
   8 8 1197 0.239 57 6.8 79.2
   9 9 2470 0.246 104 6.8 33.4
   10 10 2405 0.248 95 6.7 39.6
   11 11 2461 0.228 61 6.5 68.3
   12 12 2417 0.23 100 7 40.8
   13 13 2823 0.225 78 7 62.6
   14 14 2501 0.22 94 6.9 43.9
   15 15 2287 0.245 77 7 62.6
   16 16 2526 0.216 74 6.6 58.5
   17 17 2450 0.242 84 6.9 53.7
   18 18 1223 0.259 79 6.7 56
   19 19 1408 0.215 106 7.1 36.5
   20 20 3458 0.247 68 6.3 57.6
   21 21 2515 0.29 82 6.9 55.2
   22 22 1277 0.217 49 6.5 81.7
   23 23 2484 0.242 96 6.9 42.2
   24 24 2511 0.235 71 7.4 77.1
   25 25 1104 0.258 107 7.1 35.2
   26 26 3501 0.239 77 6.2 47
   27 27 2771 0.247 92 6.9 46.5
   28 28 1201 0.234 91 7 49.6
   29 29 2361 0.218 85 7.1 56.1
   30 30 2281 0.239 75 6.8 60.7
   31 31 3671 0.253 81 7 58.5
   32 32 1181 0.248 70 6.8 67.2
   33 33 2341 0.244 85 6.6 48.2
   34 34 921 0.249 86 6.9 52.5
   35 35 1261 0.218 86 6.7 49
   36 36 1205 0.243 88 6.9 51.5
   37 37 979 0.268 90 6.7 44.6
   38 38 1252 0.219 99 6.5 31.8
   39 39 2790 0.245 72 6.5 58.4
   40 40 1099 0.242 118 7.1 23.4
   41 41 3542 0.25 94 6.9 44.1
   42 42 2357 0.243 132 7.1 8.7
