
                               #ME3_1 number 31.

#02-DEC-2014 , 22:15:36 (Geneva time)

   #N AFEB pos. AFEB num. Int.cap.(pF) U(mv)20fc Gain Offset
   1 1 8521 0.246 63 7.4 85
   2 2 8718 0.248 75 7.1 66.4
   3 3 8929 0.225 73 6.9 64.7
   4 4 8300 0.245 78 7.2 65.7
   5 5 8982 0.238 83 7 56.2
   6 6 8501 0.238 89 6.8 47
   7 7 8692 0.232 84 6.8 52.6
   8 8 8396 0.233 81 7.2 62.7
   9 9 8942 0.236 88 7.5 62.6
   10 10 4361 0.227 85 6.9 53.3
   11 11 8658 0.247 76 7.2 67.6
   12 12 8597 0.235 89 6.9 48.9
   13 13 8671 0.235 90 7.1 51.8
   14 14 8785 0.231 75 6.3 52
   15 15 8672 0.235 78 7.1 63.4
   16 16 8625 0.248 80 6.8 55.8
   17 17 8713 0.253 62 7.2 81.6
   18 18 8941 0.232 85 6.6 47.9
   19 19 8698 0.265 84 6.8 52.6
   20 20 8615 0.269 61 6.7 73.9
   21 21 8767 0.235 71 6.8 66
   22 22 8811 0.235 92 7.1 48.9
   23 23 8810 0.224 81 6.9 58.2
   24 24 8967 0.242 78 6.8 59
   25 25 8792 0.237 88 7 52
   26 26 8934 0.252 73 6.8 63
   27 27 8583 0.233 82 6.9 56
   28 28 8987 0.251 89 6.8 48.3
   29 29 8653 0.267 65 6.8 70.6
   30 30 8740 0.241 87 7.1 55.7
   31 31 8670 0.21 84 7.1 57.3
   32 32 8639 0.242 72 7.2 71.3
   33 33 8741 0.251 48 6.4 79.3
   34 34 8759 0.226 73 7.1 69.2
   35 35 8715 0.231 81 7.1 60.3
   36 36 8100 0.215 69 6.7 65.5
