
                              #ME234_2 number 43.

#02-DEC-2014 , 22:15:14 (Geneva time)

   #N AFEB pos. AFEB num. Int.cap.(pF) U(mv)20fc Gain Offset
   1 1 1326 0.244 95 7.2 49
   2 2 3523 0.221 100 6.5 31
   3 3 1449 0.247 102 7.3 43.9
   4 4 1761 0.215 92 6.8 44.1
   5 5 1729 0.226 75 6.2 48.4
   6 6 1726 0.225 107 7.1 35.6
   7 7 3617 0.22 94 6.9 44.9
   8 8 585 0.281 93 6.6 38.6
   9 9 448 0.246 104 6.8 33.4
   10 10 177 0.256 118 7.5 31.4
   11 11 1601 0.242 81 6.4 46.7
   12 12 1764 0.227 93 7 46.9
   13 13 415 0.24 93 6.7 41.4
   14 14 3305 0.253 95 6.7 38.8
   15 15 566 0.271 102 6.7 31.5
   16 16 104 0.241 102 6.7 31.3
   17 17 942 0.233 109 7 30.7
   18 18 4247 0.24 90 6.7 44.3
   19 19 1811 0.236 85 6.4 42.5
   20 20 1853 0.287 101 6.9 38
   21 21 7433 0.244 88 6.8 48.5
   22 22 1100 0.259 98 6.8 38.1
   23 23 1795 0.212 99 7 39.7
   24 24 1746 0.254 101 6.9 37
