
                               #ME1_3 number 9.

#02-DEC-2014 , 22:14:53 (Geneva time)

   #N AFEB pos. AFEB num. Int.cap.(pF) U(mv)20fc Gain Offset
   1 1 6333 0.258 50 6.9 88.5
   2 2 6832 0.235 95 7.3 49.9
   3 3 4932 0.237 82 6.6 50
   4 4 4756 0.211 75 6.9 63
   5 5 6618 0.22 56 6.8 80.2
   6 6 6708 0.211 76 7 63.9
   7 7 4805 0.236 94 7.6 58.3
   8 8 6480 0.238 66 6.3 60.3
   9 9 6720 0.218 76 7.1 65.4
   10 10 6220 0.243 54 6.9 84.5
   11 11 6187 0.215 74 6.6 58.2
   12 12 6243 0.232 57 7.1 85.3
