
                               #ME1_3 number 50.

#02-DEC-2014 , 22:14:58 (Geneva time)

   #N AFEB pos. AFEB num. Int.cap.(pF) U(mv)20fc Gain Offset
   1 1 6454 0.243 76 6.4 52.1
   2 2 6460 0.24 78 7.2 67.2
   3 3 6499 0.243 86 6.7 49
   4 4 6368 0.24 88 6.9 50.9
   5 5 6409 0.242 84 7.3 61.6
   6 6 6417 0.226 70 7 70.6
   7 7 6497 0.283 69 6.5 60.4
   8 8 6500 0.228 86 6.4 42.9
   9 9 6419 0.204 79 7.3 67.2
   10 10 6369 0.226 80 7 60.2
   11 11 6374 0.218 65 6.8 72.3
   12 12 6422 0.239 77 6.2 46.2
