
                              #ME234_2 number 13.

#02-DEC-2014 , 22:15:10 (Geneva time)

   #N AFEB pos. AFEB num. Int.cap.(pF) U(mv)20fc Gain Offset
   1 1 2597 0.218 79 7.2 65.6
   2 2 2491 0.229 109 7 30.5
   3 3 508 0.241 76 6.8 60
   4 4 3661 0.229 97 6.5 32.4
   5 5 712 0.252 106 6.8 31.5
   6 6 2805 0.233 70 6.8 65.3
   7 7 272 0.264 77 6.9 61.5
   8 8 545 0.273 108 6.8 27.7
   9 9 1694 0.219 88 7.3 57.8
   10 10 250 0.236 92 6.9 45.2
   11 11 1245 0.247 86 6.2 38.4
   12 12 343 0.246 78 6.9 59.8
   13 13 1213 0.249 83 7.3 63
   14 14 300 0.23 111 7 28.8
   15 15 707 0.248 110 7.1 31.6
   16 16 2411 0.231 77 7 63
   17 17 214 0.236 136 7 4.3
   18 18 1030 0.242 101 7 38
   19 19 258 0.238 88 7.2 55.5
   20 20 168 0.231 109 7.2 35.7
   21 21 338 0.281 122 6.7 11.2
   22 22 3174 0.233 94 7.2 49.8
   23 23 355 0.241 101 6.7 32.9
   24 24 1545 0.23 87 6.6 45.8
