
                               #ME2_1 number 8.

#02-DEC-2014 , 22:15:02 (Geneva time)

   #N AFEB pos. AFEB num. Int.cap.(pF) U(mv)20fc Gain Offset
   1 1 7984 0.265 68 6.8 68.6
   2 2 7908 0.236 69 7.2 74
   3 3 3787 0.232 53 6.9 85.8
   4 4 3680 0.213 65 7.2 78.1
   5 5 3789 0.211 117 7.2 26.8
   6 6 3751 0.23 60 6.4 68.1
   7 7 7983 0.227 55 6.9 83.8
   8 8 3761 0.266 79 6.5 50.7
   9 9 3802 0.288 87 6.5 43.3
   10 10 3747 0.241 76 6.4 52.7
   11 11 7987 0.211 71 7 68.8
   12 12 7910 0.233 106 6.9 32
   13 13 7929 0.247 80 6.9 58.9
   14 14 3798 0.241 85 6.4 43.1
   15 15 7901 0.236 69 6.9 69.5
   16 16 7966 0.251 74 6.1 48.2
   17 17 8146 0.242 100 6.7 33.4
   18 18 7904 0.277 67 6.5 63.4
   19 19 7979 0.25 76 6.7 57.9
   20 20 7946 0.215 99 7.4 49.2
   21 21 7894 0.249 81 6.1 40.5
   22 22 3767 0.246 104 7 35.3
   23 23 8003 0.298 102 6.8 33.9
   24 24 4053 0.244 72 6.8 62.9
   25 25 7911 0.221 100 7.1 41.4
   26 26 8009 0.228 69 6.3 58.4
   27 27 7998 0.24 84 6.3 41.5
   28 28 8015 0.231 71 7.1 71.7
   29 29 3752 0.233 85 7.1 56.6
   30 30 7924 0.227 51 6.4 77.1
   31 31 3806 0.248 89 6.8 48.1
   32 32 3809 0.215 106 6.9 33.4
   33 33 3800 0.247 87 6.7 45.8
   34 34 3804 0.238 78 6.8 57.4
   35 35 7937 0.247 67 7 72.4
   36 36 3753 0.229 51 7.1 90
   37 37 3782 0.22 64 6.9 75.2
   38 38 8028 0.23 95 6.9 43.9
   39 39 3965 0.236 82 7.2 61.8
   40 40 3773 0.239 83 6.7 49.9
   41 41 8017 0.27 73 6.6 59
   42 42 3786 0.216 76 6.9 60.9
