
                               #ME1_2 number 37.

#02-DEC-2014 , 22:14:47 (Geneva time)

   #N AFEB pos. AFEB num. Int.cap.(pF) U(mv)20fc Gain Offset
   1 1 4856 0.245 84 6.6 48.7
   2 2 6649 0.233 84 6.5 46.8
   3 3 6150 0.228 92 7.4 56
   4 4 6107 0.231 78 6.7 55.9
   5 5 6585 0.227 76 7.1 65.9
   6 6 6137 0.242 83 7.1 59
   7 7 1273 0.206 110 7.6 40.7
   8 8 1435 0.225 91 7.1 50.5
   9 9 7686 0.203 79 7 61.7
   10 10 9551 0.244 65 6.4 62.8
   11 11 7696 0.233 107 6.9 30.7
   12 12 8362 0.236 64 7.4 83.7
   13 13 1716 0.235 116 7.4 33.1
   14 14 1582 0.246 80 6.5 50.7
   15 15 1310 0.285 81 6.7 53.4
   16 16 1445 0.242 116 7.1 26.8
   17 17 3929 0.256 43 6.9 95
   18 18 5398 0.242 79 6.8 57.5
   19 19 8539 0.222 70 7.2 73.8
   20 20 8391 0.244 48 6.4 81
   21 21 5402 0.238 87 7.2 56.2
   22 22 1506 0.233 97 7.2 46.3
   23 23 1785 0.23 77 6.9 59.9
   24 24 1488 0.216 103 7.2 39.8
