
                               #ME1_2 number 23.

#02-DEC-2014 , 22:14:45 (Geneva time)

   #N AFEB pos. AFEB num. Int.cap.(pF) U(mv)20fc Gain Offset
   1 1 5211 0.217 76 6.7 59.1
   2 2 6128 0.206 59 6.9 78.4
   3 3 6584 0.234 73 6.9 65.4
   4 4 6488 0.231 88 7.1 53
   5 5 6379 0.247 54 6.6 77.4
   6 6 6052 0.216 75 6.7 58.9
   7 7 4550 0.256 90 7 49.4
   8 8 4522 0.241 60 6.8 76.6
   9 9 7500 0.226 76 6.8 59.3
   10 10 4547 0.234 79 7.1 63.4
   11 11 4588 0.282 77 6.9 59.9
   12 12 4732 0.245 62 6.9 76.6
   13 13 4338 0.256 78 6.8 57.9
   14 14 4293 0.25 96 6.7 38.3
   15 15 4294 0.25 87 6.9 52.2
   16 16 4516 0.241 84 7 55.4
   17 17 4672 0.239 79 7.2 64.7
   18 18 4674 0.222 70 7.1 70.7
   19 19 4323 0.271 64 6.9 73.7
   20 20 4009 0.24 71 6.8 65.4
   21 21 4567 0.247 103 7.2 40.1
   22 22 4629 0.243 80 7.2 64
   23 23 4636 0.247 50 7.1 91.7
   24 24 3739 0.243 96 6.9 42.3
