
                               #ME1_2 number 67.

#02-DEC-2014 , 22:14:51 (Geneva time)

   #N AFEB pos. AFEB num. Int.cap.(pF) U(mv)20fc Gain Offset
   1 1 6057 0.262 46 7.1 95
   2 2 9115 0.242 86 6.9 51.1
   3 3 9333 0.246 102 7.8 53.6
   4 4 6598 0.224 58 6.8 78.1
   5 5 6131 0.25 68 7 72.6
   6 6 6547 0.256 64 7.7 89.3
   7 7 836 0.264 91 7.1 50.6
   8 8 3733 0.234 88 7 52
   9 9 446 0.226 84 6.9 53.4
   10 10 7244 0.25 59 7.5 91.3
   11 11 4633 0.243 70 7 70.6
   12 12 7352 0.246 89 6.9 48.2
   13 13 4010 0.261 95 6.8 40.9
   14 14 807 0.277 104 6.7 29.8
   15 15 4650 0.254 92 7.1 49.8
   16 16 872 0.247 125 7 15.7
   17 17 3711 0.234 97 6.4 30.3
   18 18 1057 0.282 134 6.5 -3.1
   19 19 829 0.248 115 6.7 19.6
   20 20 3795 0.236 94 7 46.3
   21 21 4538 0.252 69 7.1 72.8
   22 22 4611 0.232 76 7.2 67.6
   23 23 3840 0.24 78 6.8 57.7
   24 24 3748 0.232 94 6.9 43.3
