
                               #ME1_2 number 6.

#02-DEC-2014 , 22:14:42 (Geneva time)

   #N AFEB pos. AFEB num. Int.cap.(pF) U(mv)20fc Gain Offset
   1 1 7902 0.254 95 7.1 45.8
   2 2 6159 0.242 76 6.9 61.7
   3 3 6652 0.203 75 7.4 73.6
   4 4 6212 0.235 48 6.9 90.8
   5 5 9330 0.244 54 6.2 70.4
   6 6 6215 0.256 52 7 88
   7 7 8978 0.24 85 6.9 53.2
   8 8 7537 0.248 89 6.8 47.5
   9 9 7603 0.222 90 7.1 52.9
   10 10 7388 0.248 57 6.8 78.2
   11 11 7590 0.239 83 6.9 54.5
   12 12 7617 0.245 64 6.9 74.8
   13 13 7504 0.225 74 6.7 60.5
   14 14 7585 0.233 88 6.7 46.6
   15 15 7505 0.206 85 7.3 60.6
   16 16 7310 0.23 66 7 73.4
   17 17 7555 0.241 85 7.2 58.5
   18 18 8819 0.238 83 7.3 63.7
   19 19 7391 0.252 82 7.1 59.7
   20 20 7549 0.225 55 6.8 80.3
   21 21 7579 0.231 68 6.7 65.4
   22 22 7625 0.208 76 7.1 66.3
   23 23 7535 0.258 87 6.4 42.2
   24 24 8890 0.217 63 7 76.8
