
                               #ME1_2 number 72.

#02-DEC-2014 , 22:14:52 (Geneva time)

   #N AFEB pos. AFEB num. Int.cap.(pF) U(mv)20fc Gain Offset
   1 1 6211 0.245 65 7 76.3
   2 2 6175 0.236 91 6.2 33.7
   3 3 6254 0.234 69 7.1 72.3
   4 4 8155 0.231 82 6.8 54.9
   5 5 6196 0.214 87 7 53
   6 6 6037 0.231 81 7.3 66.3
   7 7 8957 0.251 81 6.8 55.5
   8 8 7792 0.271 62 7.4 86.5
   9 9 4690 0.241 55 6.9 83.9
   10 10 9901 0.236 94 6.9 45.4
   11 11 8880 0.235 66 6.6 66.8
   12 12 866 0.242 106 6.7 27.5
   13 13 7631 0.25 87 6.9 50.9
   14 14 7299 0.222 66 6.1 56.3
   15 15 7758 0.245 59 6.7 75.6
   16 16 7300 0.215 86 7 53.4
   17 17 1448 0.237 109 6.8 27.7
   18 18 5901 0.272 86 6.8 50.7
   19 19 2171 0.238 97 6.8 39.2
   20 20 9771 0.242 92 6.9 45.5
   21 21 8971 0.237 95 6.8 41.2
   22 22 1505 0.208 66 6.7 68.4
   23 23 7642 0.208 89 7.1 52
   24 24 6882 0.227 73 7.4 74.1
