
                               #ME4_1 number 12.

#02-DEC-2014 , 22:15:39 (Geneva time)

   #N AFEB pos. AFEB num. Int.cap.(pF) U(mv)20fc Gain Offset
   1 1 9793 0.239 91 6.9 47.8
   2 2 4975 0.221 87 7 53.7
   3 3 906 0.227 103 7 37.1
   4 4 5541 0.242 61 6.3 66
   5 5 8953 0.226 57 7 82.6
   6 6 2547 0.235 91 6.3 35.6
   7 7 5744 0.227 55 6.2 70
   8 8 6751 0.239 105 6.7 29.2
   9 9 3546 0.237 96 6.8 40.3
   10 10 894 0.281 107 6.3 19.5
   11 11 6462 0.24 97 6 22.3
   12 12 6418 0.234 93 6.2 30.4
   13 13 5816 0.219 48 7 91.7
   14 14 3703 0.247 91 6 29.2
   15 15 6568 0.247 102 6.1 20.4
   16 16 5840 0.21 59 6.6 72.9
   17 17 614 0.238 105 6.6 26.7
   18 18 6734 0.201 91 6.8 44.6
   19 19 5419 0.25 60 6.8 76.8
   20 20 9162 0.234 53 7.1 88.5
   21 21 9196 0.249 88 6.4 40
   22 22 3838 0.216 63 7.2 80
   23 23 400 0.297 109 6.4 18.6
   24 24 9038 0.23 85 6.9 52.1
   25 25 6760 0.247 70 7.1 72
   26 26 9867 0.246 84 6.4 43.3
   27 27 3105 0.232 90 6.6 41.4
   28 28 5843 0.215 71 7.4 77.6
   29 29 3858 0.23 100 6.2 25.1
   30 30 4136 0.275 107 6.8 28.6
   31 31 2022 0.233 83 6.3 43.5
   32 32 2180 0.223 92 6.4 36.2
   33 33 5509 0.217 51 6.9 87
   34 34 1903 0.292 65 6.6 67.4
   35 35 5126 0.215 62 6.6 69.2
   36 36 4190 0.287 46 6.6 85.1
