
                               #ME4_1 number 6.

#02-DEC-2014 , 22:15:38 (Geneva time)

   #N AFEB pos. AFEB num. Int.cap.(pF) U(mv)20fc Gain Offset
   1 1 10190 0.253 93 6.8 43
   2 2 10193 0.215 95 7.2 49.1
   3 3 10168 0.241 124 7.1 17.5
   4 4 10140 0.249 100 6.3 26.3
   5 5 10093 0.24 96 6.8 38.5
   6 6 11369 0.24 77 6.8 59.7
   7 7 11308 0.229 106 7.5 44.8
   8 8 11368 0.227 95 7.4 53.3
   9 9 11105 0.243 110 7.3 36.2
   10 10 11319 0.241 73 7 67
   11 11 11121 0.244 83 6.7 51.4
   12 12 10183 0.245 97 6.6 34
   13 13 11311 0.254 82 6.9 56.8
   14 14 10089 0.245 104 6.9 33.1
   15 15 10192 0.258 103 6.6 28.1
   16 16 10291 0.221 109 6.8 26.2
   17 17 10157 0.256 110 6.9 27.8
   18 18 11264 0.233 91 6.9 47.9
   19 19 10179 0.232 91 7.1 51.2
   20 20 10148 0.242 97 7.1 44.6
   21 21 11268 0.236 118 6.9 20.8
   22 22 10023 0.228 108 6.9 30
   23 23 10002 0.229 98 7.5 51.6
   24 24 10154 0.23 95 7.3 51.2
   25 25 10217 0.244 92 6.9 45.6
   26 26 11286 0.235 104 6.9 34.6
   27 27 10041 0.23 94 7 46.2
   28 28 10292 0.248 93 7.2 50.6
   29 29 11321 0.249 79 6.7 54.3
   30 30 10034 0.251 100 6.8 36.3
   31 31 10194 0.232 91 6.9 46.6
   32 32 10188 0.219 101 7 39.2
   33 33 11315 0.219 101 7.1 41.6
   34 34 10204 0.233 112 6.6 19.4
   35 35 10191 0.237 96 7 45
   36 36 10175 0.219 91 7.3 55.7
