
                               #ME1_3 number 63.

#02-DEC-2014 , 22:14:59 (Geneva time)

   #N AFEB pos. AFEB num. Int.cap.(pF) U(mv)20fc Gain Offset
   1 1 9780 0.244 73 6.9 64
   2 2 9751 0.238 92 7 48
   3 3 9688 0.244 92 6.4 36.6
   4 4 9755 0.244 67 7 72.4
   5 5 9797 0.245 70 6.8 66.8
   6 6 9875 0.237 80 6.8 56.4
   7 7 9769 0.235 55 6.4 72.8
   8 8 9705 0.224 89 7.2 54
   9 9 9862 0.246 73 6.9 64.7
   10 10 9736 0.246 90 7.1 52.1
   11 11 9712 0.238 83 7.1 57.8
   12 12 9899 0.246 95 6.8 40.8
