
                             #ME234_2 number 258.

#02-DEC-2014 , 22:39:17 (Geneva time)

   #N AFEB pos. AFEB num. Int.cap.(pF) U(mv)20fc Gain Offset
   1 1 12080207 0.222 63.34 7.07 77.96
   2 2 12080647 0.2119 80.31 7.36 66.88
   3 3 12080545 0.223 138.44 7.44 10.46
   4 4 12080417 0.2428 105.92 7.53 44.78
   5 5 12080493 0.2327 116.84 6.46 12.39
   6 6 12080533 0.2343 105.66 6.5 24.28
   7 7 12080366 0.2291 96.66 6.58 34.91
   8 8 12080685 0.2268 103.5 6.93 35.02
   9 9 12080235 0.2267 63.47 6.88 74.22
   10 10 12080043 0.192 92.13 7.32 54.27
   11 11 12080570 0.2377 82.77 6.78 52.89
   12 12 12080282 0.194 109.49 7.06 31.63
   13 13 12080443 0.2249 37.6 6.83 99.04
   14 14 12080527 0.215 91.94 6.73 42.6
   15 15 12080236 0.2291 55.94 6.87 81.41
   16 16 12080267 0.2141 76.24 7.5 73.68
   17 17 12080116 0.2202 105.93 7.12 36.5
   18 18 12080429 0.2103 61.74 6.98 77.91
   19 19 12080131 0.2466 79.13 7 60.81
   20 20 12080040 0.2208 90.91 7.01 49.21
   21 21 12080179 0.2182 100.41 6.91 37.85
   22 22 12080418 0.2314 110.75 7.52 39.68
   23 23 12080341 0.2303 91.78 7.26 53.5
   24 24 12080566 0.2395 74.31 6.94 64.55
