
                               #ME4_1 number 7.

#02-DEC-2014 , 22:15:38 (Geneva time)

   #N AFEB pos. AFEB num. Int.cap.(pF) U(mv)20fc Gain Offset
   1 1 5755 0.213 102 6.9 36.3
   2 2 7219 0.249 97 6.9 39.7
   3 3 417 0.243 88 6.6 44.1
   4 4 2877 0.231 126 6.9 11.4
   5 5 7223 0.247 101 7.3 45.2
   6 6 5528 0.272 91 6.4 38.4
   7 7 5735 0.244 101 6.3 25.6
   8 8 1997 0.226 95 6.6 37.1
   9 9 2203 0.214 105 7.3 40.3
   10 10 5037 0.24 88 6.3 38.5
   11 11 4570 0.246 88 6.6 43
   12 12 6842 0.25 112 6.4 15.6
   13 13 4832 0.244 96 6.3 31
   14 14 8056 0.247 97 6.6 34.8
   15 15 2081 0.243 94 6.4 35.1
   16 16 3991 0.241 85 6.4 43.9
   17 17 1207 0.286 99 6.5 31.2
   18 18 8433 0.202 81 7.2 63.6
   19 19 3177 0.249 92 6.2 32.7
   20 20 9309 0.224 86 7.1 55.8
   21 21 5506 0.233 92 6.4 35.2
   22 22 386 0.25 86 6.6 46.7
   23 23 1775 0.212 108 6.7 26.4
   24 24 5001 0.241 87 6 33.4
   25 25 2073 0.206 91 6.4 37.8
   26 26 9265 0.248 99 6.8 38.1
   27 27 8216 0.229 85 6.7 49.5
   28 28 3807 0.236 104 6.8 32.2
   29 29 3379 0.252 95 7.2 49.1
   30 30 8878 0.212 84 6.7 50.5
   31 31 7215 0.247 95 6.5 34.4
   32 32 5132 0.217 91 6.8 45.1
   33 33 944 0.233 104 6.6 28.4
   34 34 5098 0.227 92 6.6 39.5
   35 35 5260 0.217 87 6.8 49.5
   36 36 4604 0.242 108 6.5 21.1
