
                               #ME1_3 number 65.

#02-DEC-2014 , 22:14:59 (Geneva time)

   #N AFEB pos. AFEB num. Int.cap.(pF) U(mv)20fc Gain Offset
   1 1 9877 0.236 55 6.7 79.2
   2 2 10243 0.259 94 7.2 51.2
   3 3 9767 0.25 60 7 79.8
   4 4 8823 0.229 87 7.1 53.8
   5 5 9880 0.248 110 6.9 28.7
   6 6 9709 0.226 55 7.5 93.9
   7 7 9906 0.236 83 6.8 51.5
   8 8 9696 0.257 44 6.3 81.8
   9 9 9865 0.243 76 6.9 62.6
   10 10 9885 0.249 60 6.9 77.6
   11 11 9869 0.238 103 6.8 33.4
   12 12 9870 0.232 91 7 49
