
                             #ME234_2 number 101.

#02-DEC-2014 , 22:15:23 (Geneva time)

   #N AFEB pos. AFEB num. Int.cap.(pF) U(mv)20fc Gain Offset
   1 1 5404 0.234 61 6.8 75.2
   2 2 5226 0.243 84 6.9 53.8
   3 3 7056 0.233 65 6.9 73.5
   4 4 5406 0.244 68 7.3 78
   5 5 5387 0.224 104 7 36.1
   6 6 7102 0.233 87 7 52.8
   7 7 5367 0.233 69 6.9 70
   8 8 5274 0.234 101 7.1 42.1
   9 9 5431 0.235 96 6.9 41.5
   10 10 5348 0.241 73 6.9 64.6
   11 11 7169 0.234 70 6.8 65.8
   12 12 5501 0.242 52 7.3 94.1
   13 13 5332 0.24 77 7.2 67.8
   14 14 5368 0.239 81 6.9 57.1
   15 15 7134 0.217 74 6.4 53.1
   16 16 5362 0.209 92 6.9 46.8
   17 17 5304 0.241 87 7.2 57.8
   18 18 5377 0.231 44 6.5 85.7
   19 19 5403 0.241 78 6.9 59.5
   20 20 7155 0.21 99 6.9 38.8
   21 21 7066 0.222 102 7.2 41.2
   22 22 5436 0.251 62 7 77.8
   23 23 7015 0.231 101 7.3 46
   24 24 7033 0.249 92 6.8 44.6
