
                               #ME2_1 number 22.

#02-DEC-2014 , 22:15:05 (Geneva time)

   #N AFEB pos. AFEB num. Int.cap.(pF) U(mv)20fc Gain Offset
   1 1 751 0.246 102 6.8 34.1
   2 2 445 0.276 96 6.4 32
   3 3 311 0.292 100 6.5 30.1
   4 4 215 0.226 98 6.8 37
   5 5 878 0.24 73 7 65.9
   6 6 1086 0.25 96 6.8 39.7
   7 7 16 0.228 121 6.9 17.4
   8 8 1351 0.217 88 7 51.8
   9 9 699 0.238 107 7.4 40.5
   10 10 703 0.252 111 7 29.4
   11 11 251 0.291 61 6.6 71.1
   12 12 681 0.238 140 7 -.8
   13 13 315 0.245 104 6.7 30
   14 14 34 0.241 93 6.8 43.1
   15 15 645 0.229 99 6.7 35.3
   16 16 536 0.247 75 6.9 64.1
   17 17 596 0.282 94 6.6 38.2
   18 18 3278 0.227 96 6.3 30.1
   19 19 757 0.283 75 6.5 55.4
   20 20 1075 0.279 56 6.7 77.5
   21 21 73 0.236 103 6.6 28.5
   22 22 858 0.272 76 6.8 59.1
   23 23 667 0.258 115 7 24.5
   24 24 51 0.229 131 6.6 1.1
   25 25 220 0.274 95 6.7 39.3
   26 26 1112 0.253 74 6.8 62.6
   27 27 1031 0.255 67 6.9 72
   28 28 273 0.239 102 6.8 33.4
   29 29 783 0.277 77 6.8 59.3
   30 30 503 0.229 98 7 41.7
   31 31 589 0.28 91 6.5 38.9
   32 32 687 0.247 114 7.2 29.6
   33 33 224 0.237 88 6.8 48.1
   34 34 3001 0.243 103 7.2 41
   35 35 1027 0.239 101 7 38.4
   36 36 59 0.28 63 6.6 69.4
   37 37 2947 0.239 69 6.8 66.1
   38 38 2551 0.224 91 7.4 58
   39 39 774 0.239 87 7.3 58.7
   40 40 1606 0.217 98 7.1 44.6
   41 41 903 0.286 56 6.6 75.6
   42 42 560 0.24 97 6.7 36.6
