
                               #ME3_1 number 26.

#02-DEC-2014 , 22:15:35 (Geneva time)

   #N AFEB pos. AFEB num. Int.cap.(pF) U(mv)20fc Gain Offset
   1 1 3860 0.238 83 6.9 54.4
   2 2 4193 0.245 72 6.9 66.3
   3 3 3687 0.25 107 6.7 28.1
   4 4 4084 0.249 68 6.9 70.3
   5 5 4164 0.234 79 6.4 50.1
   6 6 4133 0.233 75 7 64.9
   7 7 9773 0.239 75 6.6 56
   8 8 9777 0.228 75 6.9 63.5
   9 9 4110 0.247 76 6.3 51.1
   10 10 3729 0.276 84 6.8 52.3
   11 11 4122 0.228 67 6.7 67.6
   12 12 3721 0.232 114 7.1 27
   13 13 3724 0.227 90 7 50.9
   14 14 3849 0.246 55 6.8 80.4
   15 15 3916 0.223 70 6.7 64.2
   16 16 3707 0.236 93 6.4 34.6
   17 17 3874 0.278 76 6.8 60.7
   18 18 3692 0.262 80 6.4 47.9
   19 19 3947 0.205 94 6.7 40.1
   20 20 3701 0.216 85 7 54.7
   21 21 3813 0.233 76 6.6 56.5
   22 22 3686 0.24 106 6.3 20.4
   23 23 3932 0.26 53 6.3 72.5
   24 24 3715 0.255 89 6.5 41.2
   25 25 4089 0.245 59 6.8 77.8
   26 26 9792 0.233 97 7.1 45.1
   27 27 9734 0.249 72 6.7 61.9
   28 28 4098 0.205 115 7 25.6
   29 29 3871 0.232 85 6.9 52.9
   30 30 3819 0.238 48 7.1 92.7
   31 31 3877 0.251 72 6.7 61.6
   32 32 3857 0.217 112 6.9 25.8
   33 33 3946 0.24 77 7.2 67.6
   34 34 3915 0.229 85 6.9 52.5
   35 35 3690 0.247 93 6.9 45.4
   36 36 3837 0.247 85 6.6 46.8
