
                               #ME1_3 number 62.

#02-DEC-2014 , 22:14:59 (Geneva time)

   #N AFEB pos. AFEB num. Int.cap.(pF) U(mv)20fc Gain Offset
   1 1 9779 0.236 90 6.9 47
   2 2 1330 0.216 75 6.9 63.5
   3 3 9685 0.252 102 6.6 30.2
   4 4 9889 0.244 89 6.8 46
   5 5 9768 0.244 94 6.8 41.4
   6 6 8883 0.204 80 6.9 57.6
   7 7 9719 0.219 72 7 69.2
   8 8 8901 0.239 53 6.8 83.2
   9 9 8907 0.23 58 6.8 76.8
   10 10 9757 0.219 98 7.2 44.9
   11 11 9697 0.246 68 7.2 75.1
   12 12 6844 0.23 49 6.3 77.6
