
                              #ME234_2 number 40.

#02-DEC-2014 , 22:15:14 (Geneva time)

   #N AFEB pos. AFEB num. Int.cap.(pF) U(mv)20fc Gain Offset
   1 1 3119 0.244 65 6.9 74.1
   2 2 2475 0.245 56 6.9 82.6
   3 3 2389 0.251 82 6.9 55.5
   4 4 2346 0.23 110 7 28.9
   5 5 3647 0.22 80 6.4 47.8
   6 6 2562 0.233 102 7.2 41.5
   7 7 2308 0.247 94 6.9 44
   8 8 3595 0.224 85 6.6 46
   9 9 1319 0.232 77 6.9 60.4
   10 10 2991 0.211 68 7.1 73.3
   11 11 1654 0.242 122 6.8 13.4
   12 12 2424 0.263 126 7.2 18.5
   13 13 2512 0.211 67 6.8 68.9
   14 14 2278 0.218 89 7.2 53.9
   15 15 3660 0.234 77 6.4 50.1
   16 16 2780 0.227 50 6.5 79.8
   17 17 2418 0.223 61 7.1 80.8
   18 18 377 0.229 75 6.7 59.1
   19 19 1202 0.238 66 7.4 81.4
   20 20 2447 0.221 74 7.2 70.1
   21 21 2516 0.206 102 7.2 41.9
   22 22 1438 0.251 100 7 39.5
   23 23 2521 0.267 90 7.3 55.5
   24 24 2325 0.229 104 6.9 33.8
