
                               #ME4_1 number 10.

#02-DEC-2014 , 22:15:39 (Geneva time)

   #N AFEB pos. AFEB num. Int.cap.(pF) U(mv)20fc Gain Offset
   1 1 11389 0.246 95 6.8 41.2
   2 2 10885 0.205 106 7 33.6
   3 3 11391 0.237 90 7.1 51.2
   4 4 11206 0.224 102 6.9 36.1
   5 5 11225 0.242 77 6.7 56
   6 6 11126 0.235 96 7.4 52.9
   7 7 11163 0.242 103 6.7 30.9
   8 8 11076 0.236 94 7.1 47.4
   9 9 11219 0.247 94 7.4 53.7
   10 10 11172 0.23 85 6.8 51.5
   11 11 11162 0.239 101 6.8 34.6
   12 12 11072 0.23 140 7 0
   13 13 11224 0.232 94 7.1 48.8
   14 14 11110 0.227 76 6.8 60
   15 15 11142 0.223 116 7 23.9
   16 16 11220 0.238 99 7.4 49.2
   17 17 11077 0.24 105 7.2 39.1
   18 18 11725 0.246 117 6.5 12.7
   19 19 11149 0.223 135 7.2 8.7
   20 20 11348 0.233 90 7 49.1
   21 21 11333 0.204 118 7 21.2
   22 22 11207 0.217 82 7.1 60.8
   23 23 11202 0.223 90 7.3 55.5
   24 24 11421 0.256 97 6.9 41.5
   25 25 11413 0.229 103 7.3 44
   26 26 11197 0.222 110 6.9 28.6
   27 27 11200 0.244 72 6.6 59.6
   28 28 11138 0.246 115 6.6 17.3
   29 29 11208 0.21 102 6.9 35.1
   30 30 11201 0.241 88 6.6 44
   31 31 11147 0.241 100 7 39.8
   32 32 10878 0.221 100 7.1 41.8
   33 33 11068 0.22 126 7.1 16.3
   34 34 11080 0.22 61 6.9 76.3
   35 35 10751 0.224 104 7 35.1
   36 36 10745 0.242 110 6.8 26.5
