
                               #ME3_1 number 3.

#02-DEC-2014 , 22:15:31 (Geneva time)

   #N AFEB pos. AFEB num. Int.cap.(pF) U(mv)20fc Gain Offset
   1 1 8638 0.219 91 6.8 44.4
   2 2 8727 0.243 67 6.6 64.1
   3 3 8739 0.237 76 6.6 56
   4 4 8636 0.222 82 7.2 61.2
   5 5 8711 0.243 71 6.6 60.6
   6 6 8720 0.22 76 7.1 65
   7 7 8796 0.246 99 6.4 30.3
   8 8 8697 0.204 76 7 63.2
   9 9 8757 0.251 67 6.4 61.1
   10 10 8690 0.265 89 6.5 42.2
   11 11 8643 0.234 96 6.7 38.4
   12 12 8629 0.259 83 7.4 65.1
   13 13 7815 0.242 58 7 82.7
   14 14 8515 0.232 50 6.2 73.3
   15 15 10522 0.241 96 6.7 38.5
   16 16 8797 0.239 83 6.2 39.9
   17 17 7794 0.217 77 6.6 55.3
   18 18 10459 0.239 96 7.1 46.9
   19 19 8827 0.254 73 7.2 71.6
   20 20 8494 0.28 48 6.4 79.8
   21 21 10500 0.269 110 6.4 18.6
   22 22 8590 0.216 81 7 59.1
   23 23 9818 0.252 102 6.6 29.2
   24 24 10537 0.235 100 6.9 39
   25 25 8663 0.245 70 7.1 72
   26 26 8541 0.235 73 7 66.9
   27 27 10407 0.233 117 7.7 37.7
   28 28 8395 0.289 98 6.6 33.6
   29 29 9094 0.215 102 7.1 40.4
   30 30 10410 0.264 94 6.7 40.3
   31 31 8689 0.245 90 7 49.9
   32 32 8781 0.224 89 7.1 53.2
   33 33 10528 0.248 88 7.3 57.7
   34 34 8984 0.226 92 7.1 49.3
   35 35 8581 0.234 106 6.7 28.4
   36 36 10380 0.231 103 7.1 38.1
