
                             #ME234_2 number 127.

#02-DEC-2014 , 22:15:27 (Geneva time)

   #N AFEB pos. AFEB num. Int.cap.(pF) U(mv)20fc Gain Offset
   1 1 5640 0.233 60 7.2 83
   2 2 5216 0.214 79 6.8 57
   3 3 4980 0.223 96 7.2 46.8
   4 4 5639 0.226 65 7 75.6
   5 5 9372 0.259 115 6.8 20.4
   6 6 5030 0.232 80 7.2 64.1
   7 7 4835 0.21 60 6.6 71.6
   8 8 5980 0.235 80 7.1 61.5
   9 9 5697 0.243 76 6.9 60.9
   10 10 5657 0.249 72 7.5 79.2
   11 11 5685 0.212 99 7.1 42.5
   12 12 5643 0.232 67 7.3 78.9
   13 13 4984 0.211 61 7 79.6
   14 14 5651 0.209 95 6.9 43.4
   15 15 5669 0.231 80 7.1 60.9
   16 16 5703 0.221 61 7.3 84.6
   17 17 5015 0.238 71 6.5 59.1
   18 18 5154 0.217 83 7.1 58.8
   19 19 5583 0.238 66 7.1 76.3
   20 20 6004 0.227 59 6.8 77.3
   21 21 4981 0.219 71 7.2 73.2
   22 22 4983 0.232 50 6.7 82.7
   23 23 5652 0.241 89 6.3 37.8
   24 24 5958 0.263 88 7.2 55.6
