
                               #ME2_1 number 36.

#02-DEC-2014 , 22:15:08 (Geneva time)

   #N AFEB pos. AFEB num. Int.cap.(pF) U(mv)20fc Gain Offset
   1 1 756 0.254 63 7.1 79.1
   2 2 295 0.292 82 6.8 54.2
   3 3 1244 0.233 94 7.3 51.1
   4 4 3448 0.205 47 7.2 97.1
   5 5 760 0.2227 100.59 7.5 49.33
   6 6 2504 0.239 105 6.7 29.4
   7 7 2451 0.249 110 6.8 26.7
   8 8 630 0.232 118 7.3 27.8
   9 9 19 0.229 85 6.7 49
   10 10 265 0.243 78 7 62.4
   11 11 2766 0.236 90 6.5 40.5
   12 12 1195 0.259 68 7.1 73.8
   13 13 74 0.232 99 7 40.1
   14 14 22 0.237 90 7.1 51.3
   15 15 3238 0.225 50 6.3 75.7
   16 16 185 0.242 143 7 -3.2
   17 17 2467 0.223 63 6.8 73.4
   18 18 2378 0.291 80 6.7 54.4
   19 19 2789 0.222 92 6.9 45.9
   20 20 2483 0.239 118 7.2 25.6
   21 21 791 0.237 114 7 26.4
   22 22 2330 0.226 85 7.2 59.6
   23 23 2284 0.202 69 7 71.1
   24 24 3536 0.227 96 6.2 27.7
   25 25 1254 0.252 114 7.1 28.1
   26 26 736 0.284 76 7 63.3
   27 27 2821 0.232 79 7 61
   28 28 289 0.241 81 7 58.8
   29 29 2565 0.253 96 6.7 37.7
   30 30 3396 0.236 46 6.7 87.5
   31 31 2555 0.246 86 6.9 53
   32 32 3143 0.251 80 6.5 49.6
   33 33 902 0.232 98 6.9 40.8
   34 34 828 0.277 100 6.6 31.3
   35 35 1060 0.246 107 6.8 29.8
   36 36 1639 0.22 64 6.3 62.6
   37 37 1696 0.252 63 6.8 73
   38 38 2286 0.25 92 6.9 46.7
   39 39 2822 0.219 123 7.1 18.8
   40 40 122 0.257 94 6.9 43.6
   41 41 806 0.276 102 7.1 39.9
   42 42 572 0.26 99 6.8 36.9
