
                               #ME2_1 number 19.

#02-DEC-2014 , 22:15:04 (Geneva time)

   #N AFEB pos. AFEB num. Int.cap.(pF) U(mv)20fc Gain Offset
   1 1 4714 0.253 80 7 59.8
   2 2 4119 0.246 72 6.9 65.9
   3 3 8060 0.228 77 6.8 59.9
   4 4 3744 0.251 90 6.8 45.9
   5 5 8134 0.238 91 6.7 44.3
   6 6 8196 0.262 60 6.9 77
   7 7 4531 0.248 75 7.2 69.3
   8 8 3873 0.24 67 7.3 78.9
   9 9 4032 0.238 74 6.4 53.9
   10 10 3714 0.273 103 6.7 31.6
   11 11 4660 0.232 66 7.4 81.5
   12 12 3905 0.211 82 7 57.6
   13 13 8077 0.238 68 6.7 64.9
   14 14 8135 0.212 85 7.4 62.7
   15 15 3735 0.225 90 6.3 37
   16 16 4309 0.268 79 6.6 53.5
   17 17 3967 0.289 75 6.9 62.9
   18 18 4727 0.249 68 7.1 73.4
   19 19 7959 0.213 95 7.1 46.7
   20 20 8052 0.235 82 7.1 59.2
   21 21 4712 0.225 103 7 36.3
   22 22 7711 0.229 73 6.5 56.8
   23 23 8068 0.246 84 6.8 52.2
   24 24 8044 0.25 71 6.5 58.2
   25 25 4209 0.239 70 6.8 65.9
   26 26 8129 0.245 54 6.3 72.9
   27 27 3734 0.231 86 6.6 44.7
   28 28 7936 0.254 87 7 53.3
   29 29 8108 0.249 89 6.6 43.1
   30 30 4349 0.256 71 6.8 65.7
   31 31 8049 0.243 66 6.9 73.2
   32 32 8075 0.207 78 7 62.5
   33 33 8067 0.225 87 7.2 56.6
   34 34 8107 0.234 83 7.3 63.7
   35 35 3750 0.221 80 6.6 50.6
   36 36 8120 0.238 83 7.2 61.8
   37 37 4041 0.242 94 7 46
   38 38 4676 0.216 69 6.9 69.1
   39 39 8218 0.221 107 7.3 39.5
   40 40 3737 0.242 108 6.7 25.4
   41 41 4159 0.241 61 6.8 75.4
   42 42 8214 0.235 66 7 73.9
