
                               #ME1_2 number 32.

#02-DEC-2014 , 22:14:46 (Geneva time)

   #N AFEB pos. AFEB num. Int.cap.(pF) U(mv)20fc Gain Offset
   1 1 4783 0.227 90 6.7 43.7
   2 2 4924 0.218 72 7.1 69.8
   3 3 4748 0.233 67 7.1 74.8
   4 4 4859 0.218 71 6.7 62.5
   5 5 4794 0.233 77 6.8 57.8
   6 6 4853 0.21 52 6.7 81.3
   7 7 6268 0.258 73 7.2 71.3
   8 8 5109 0.217 107 6.8 29.2
   9 9 6866 0.215 68 6.8 67.6
   10 10 6484 0.238 62 7 76.8
   11 11 5841 0.247 84 7 56.2
   12 12 5941 0.229 92 6.2 32.9
   13 13 5795 0.244 76 7.1 66.5
   14 14 5820 0.247 84 7.1 58.5
   15 15 5937 0.234 69 6.2 55.2
   16 16 6272 0.254 97 6.1 25.4
   17 17 6930 0.221 80 7.3 65.9
   18 18 5823 0.23 84 7.1 59.1
   19 19 5822 0.212 109 7 31.7
   20 20 6363 0.24 86 7.5 63.7
   21 21 6276 0.243 51 6.7 83.3
   22 22 5060 0.23 77 6.5 52.5
   23 23 5866 0.203 84 7.3 62.2
   24 24 5933 0.226 53 6.4 74.4
