
                             #ME234_2 number 235.

#02-DEC-2014 , 22:39:21 (Geneva time)

   #N AFEB pos. AFEB num. Int.cap.(pF) U(mv)20fc Gain Offset
   1 1 12080113 0.212 118.26 6.99 21.44
   2 2 12080596 0.2098 87.28 7.07 54.22
   3 3 12080221 0.2204 66.07 7.15 76.85
   4 4 12080031 0.2244 112.05 7.31 34.08
   5 5 12080178 0.2479 112.95 6.99 26.8
   6 6 12080501 0.2441 70.92 6.8 65.1
   7 7 12080163 0.2201 86.8 6.76 48.4
   8 8 12080352 0.2148 60.95 7.09 80.75
   9 9 12080024 0.2268 75.64 6.62 56.74
   10 10 12080513 0.2425 60.44 6.74 74.45
   11 11 12080489 0.2111 105.7 6.94 33.18
   12 12 12080587 0.221 82.6 7.44 66.29
   13 13 12080353 0.2095 93.03 7.3 52.9
   14 14 12080316 0.253 95.33 6.84 41.51
   15 15 12080380 0.2226 106.44 7.21 37.74
   16 16 12080635 0.2249 56.74 6.98 82.92
   17 17 12080202 0.233 105.69 6.76 29.5
   18 18 12080480 0.2285 129.72 6.99 10.12
   19 19 12080172 0.2075 83.73 7.24 61.13
   20 20 12080502 0.2219 83.68 7.06 57.43
   21 21 12080492 0.207 111.82 6.97 27.5
   22 22 12080430 0.22 53.87 7.2 90.07
   23 23 12080673 0.203 94.91 7 45.07
   24 24 12080365 0.2367 108.78 6.91 29.38
