
                               #ME4_1 number 1.

#02-DEC-2014 , 22:15:37 (Geneva time)

   #N AFEB pos. AFEB num. Int.cap.(pF) U(mv)20fc Gain Offset
   1 1 10739 0.253 96 7.3 50.5
   2 2 11506 0.252 98 7.2 45.9
   3 3 11642 0.231 91 7 49.3
   4 4 10689 0.268 94 7.5 55.9
   5 5 11517 0.238 106 7 33.8
   6 6 11503 0.236 105 6.8 32.2
   7 7 11497 0.221 119 7.2 25.4
   8 8 11513 0.242 96 6.9 42.2
   9 9 11569 0.224 101 7.2 42
   10 10 11732 0.238 101 6.9 36.8
   11 11 11683 0.206 95 7.2 50.3
   12 12 11482 0.252 127 6.7 6.5
   13 13 10759 0.213 99 6.9 38.3
   14 14 11701 0.217 117 7.3 30.4
   15 15 11623 0.236 98 7.1 44.2
   16 16 10678 0.207 102 7.1 40.1
   17 17 11529 0.218 97 7 43.5
   18 18 11467 0.222 92 7.1 49.2
   19 19 11496 0.22 95 6.8 41.9
   20 20 11675 0.235 103 6.8 31.9
   21 21 11730 0.218 93 7.1 48
   22 22 11719 0.224 97 7.1 44.6
   23 23 11461 0.246 118 7.2 27.2
   24 24 11521 0.231 113 6.9 24
   25 25 10679 0.251 115 7 25.7
   26 26 11511 0.229 92 7.1 50.7
   27 27 11504 0.251 93 7 47
   28 28 11489 0.22 107 7 33.2
   29 29 11491 0.251 98 6.8 38.6
   30 30 11509 0.233 97 6.9 41.6
   31 31 11750 0.268 117 6.6 15.2
   32 32 10075 0.209 102 6.8 34.1
   33 33 10196 0.26 122 6.8 14.3
   34 34 11749 0.235 120 6.3 6.6
   35 35 10042 0.248 102 7.1 40.8
   36 36 10097 0.24 105 6.8 30.7
