
                               #ME1_3 number 75.

#02-DEC-2014 , 22:15:00 (Geneva time)

   #N AFEB pos. AFEB num. Int.cap.(pF) U(mv)20fc Gain Offset
   1 1 6249 0.221 66 7.1 75.8
   2 2 6195 0.225 95 6.5 34.9
   3 3 6822 0.228 86 7.2 58
   4 4 6550 0.247 81 6.6 51.6
   5 5 6755 0.224 82 7.1 59.8
   6 6 6702 0.249 80 6.8 55.3
   7 7 6743 0.22 95 7.1 45.6
   8 8 2243 0.232 74 6.4 54.3
   9 9 6681 0.224 103 7.1 37.7
   10 10 6189 0.214 66 6.4 61.4
   11 11 6691 0.264 83 7.5 66.2
   12 12 6717 0.242 86 6.2 37.5
