
                               #ME1_3 number 61.

#02-DEC-2014 , 22:14:59 (Geneva time)

   #N AFEB pos. AFEB num. Int.cap.(pF) U(mv)20fc Gain Offset
   1 1 6971 0.241 71 6.8 64.2
   2 2 8493 0.234 84 6.9 53.1
   3 3 8997 0.228 91 6.6 40.6
   4 4 9741 0.226 87 6.9 49.8
   5 5 9907 0.241 80 7 60.3
   6 6 9698 0.238 90 6.3 36.2
   7 7 8726 0.235 90 7 49.4
   8 8 8922 0.216 85 7 56.2
   9 9 8839 0.234 72 7 68.2
   10 10 9868 0.247 73 7.2 71.6
   11 11 9718 0.25 78 6.6 53.9
   12 12 9898 0.237 92 6.7 42.3
