
                               #ME1_3 number 66.

#02-DEC-2014 , 22:14:59 (Geneva time)

   #N AFEB pos. AFEB num. Int.cap.(pF) U(mv)20fc Gain Offset
   1 1 9710 0.259 79 6.7 54.2
   2 2 9683 0.244 72 7.2 72.7
   3 3 9708 0.238 64 6.2 59.4
   4 4 9756 0.225 98 7.1 43.7
   5 5 9753 0.218 77 7.1 63.9
   6 6 9764 0.243 89 6.8 48.1
   7 7 9802 0.225 81 7.4 66.8
   8 8 9878 0.289 74 6.8 63.5
   9 9 9034 0.244 90 7 50.6
   10 10 9891 0.243 86 7.1 54.7
   11 11 9822 0.226 105 7.2 38.6
   12 12 9904 0.25 67 6.6 64.1
