
                             #ME234_2 number 229.

#02-DEC-2014 , 22:39:18 (Geneva time)

   #N AFEB pos. AFEB num. Int.cap.(pF) U(mv)20fc Gain Offset
   1 1 6669 0.25 92 6.6 39.3
   2 2 9148 0.244 72 6.6 60.5
   3 3 6631 0.243 46 5.9 72.5
   4 4 6782 0.272 79 7 60
   5 5 6251 0.243 71 6.9 67
   6 6 4889 0.246 61 6.6 70.6
   7 7 6752 0.235 75 6.6 56.7
   8 8 6208 0.23 74 6.8 62.1
   9 9 6022 0.218 62 6.8 74.7
   10 10 6719 0.245 81 6.9 56.1
   11 11 6727 0.233 101 7.3 45.5
   12 12 4839 0.215 70 7 69.8
   13 13 6713 0.204 73 6.9 64.7
   14 14 4911 0.22 63 7.1 78.1
   15 15 6672 0.25 44 6.8 92.7
   16 16 4950 0.237 62 6.7 71.7
   17 17 5203 0.232 65 6.9 73.1
   18 18 6646 0.206 78 7 62.2
   19 19 9329 0.251 73 6.6 60.4
   20 20 4843 0.236 59 6.6 73.4
   21 21 6314 0.241 87 6.9 50.4
   22 22 10152 0.241 124 6.9 15.1
   23 23 6668 0.241 82 7 58.8
   24 24 6324 0.238 72 6.9 65
