
                               #ME2_1 number 15.

#02-DEC-2014 , 22:15:03 (Geneva time)

   #N AFEB pos. AFEB num. Int.cap.(pF) U(mv)20fc Gain Offset
   1 1 4601 0.24 88 7.1 52.8
   2 2 4735 0.22 62 7.1 79.3
   3 3 2142 0.253 76 6.9 62
   4 4 2061 0.222 110 7.2 34.9
   5 5 4707 0.231 70 6.9 68.5
   6 6 2048 0.224 84 7 55.7
   7 7 4602 0.232 66 6.9 71.2
   8 8 4652 0.251 68 6.9 70.7
   9 9 2249 0.23 80 7.3 66.8
   10 10 2110 0.206 92 7.1 49.4
   11 11 4721 0.247 92 6.7 42.4
   12 12 3876 0.233 64 6.6 67.6
   13 13 3677 0.243 64 7.2 80.7
   14 14 2262 0.248 96 6.8 39.5
   15 15 2117 0.207 108 7.2 35.6
   16 16 2137 0.241 68 7.2 75.9
   17 17 2018 0.251 90 6.9 48.1
   18 18 2121 0.217 85 6.8 49.9
   19 19 4659 0.256 83 6.7 50.9
   20 20 2237 0.232 95 7.1 47.1
   21 21 2232 0.239 87 7 52.3
   22 22 2152 0.237 105 7 35.3
   23 23 2223 0.203 104 7.1 38.3
   24 24 4708 0.225 81 6.9 57.2
   25 25 2007 0.248 103 6.5 27.2
   26 26 3699 0.227 54 6.2 69.6
   27 27 4617 0.248 73 6.6 60
   28 28 2031 0.218 87 7.5 63
   29 29 3863 0.209 78 7.4 69.2
   30 30 2728 0.241 69 7.1 72.9
   31 31 2148 0.217 104 6.9 34.6
   32 32 4702 0.209 59 7.2 84.2
   33 33 2244 0.233 70 6.9 68.6
   34 34 2144 0.249 84 6.4 45
   35 35 2731 0.22 54 6.5 75.4
   36 36 2735 0.239 65 6.8 70.5
   37 37 2720 0.204 54 6.8 82
   38 38 2072 0.221 57 6.6 74.7
   39 39 2738 0.233 85 7 55.6
   40 40 2246 0.238 87 7.2 55.7
   41 41 2200 0.251 61 6.1 60.6
   42 42 2748 0.239 58 7.3 87.3
