
                               #ME1_3 number 10.

#02-DEC-2014 , 22:14:53 (Geneva time)

   #N AFEB pos. AFEB num. Int.cap.(pF) U(mv)20fc Gain Offset
   1 1 4949 0.232 57 6.6 75.3
   2 2 357 0.237 101 7.2 42.3
   3 3 6617 0.295 67 6.2 56.5
   4 4 6155 0.209 83 6.9 56.5
   5 5 4918 0.206 84 7 56.7
   6 6 6306 0.239 38 6.7 96
   7 7 6325 0.255 43 6.9 95.5
   8 8 6403 0.231 99 6.9 39
   9 9 4821 0.229 91 7 49.6
   10 10 6308 0.25 67 7.2 77.4
   11 11 6284 0.242 75 6.1 46.1
   12 12 6355 0.216 71 7.2 73
