
                               #ME1_3 number 42.

#02-DEC-2014 , 22:14:57 (Geneva time)

   #N AFEB pos. AFEB num. Int.cap.(pF) U(mv)20fc Gain Offset
   1 1 8481 0.208 107 7.5 43.2
   2 2 8444 0.249 74 6.2 50.3
   3 3 8371 0.231 68 6.2 55.1
   4 4 8374 0.214 95 7.1 46.3
   5 5 8160 0.229 69 6.8 67.5
   6 6 8321 0.242 51 6.9 87.4
   7 7 8299 0.231 65 7.2 79.2
   8 8 9171 0.233 88 7 51.7
   9 9 8334 0.244 61 6.8 73.9
   10 10 9727 0.208 115 7.5 34.6
   11 11 9872 0.24 81 6.8 54.5
   12 12 6294 0.246 80 7.2 64.6
