
                               #ME4_1 number 21.

#02-DEC-2014 , 22:15:41 (Geneva time)

   #N AFEB pos. AFEB num. Int.cap.(pF) U(mv)20fc Gain Offset
   1 1 12150 0.239 98 6.9 39.7
   2 2 12187 0.22 113 6.6 20
   3 3 11791 0.225 110 7.3 36.7
   4 4 10618 0.239 108 7.3 38.6
   5 5 12145 0.236 116 7 24.9
   6 6 12133 0.226 109 7.4 38.5
   7 7 12132 0.219 92 7.1 50.9
   8 8 12087 0.241 119 6.7 14.7
   9 9 11724 0.238 109 7.4 39.3
   10 10 10632 0.247 100 6.7 34.1
   11 11 11861 0.304 98 6.9 39.7
   12 12 11828 0.231 102 6.8 34.6
   13 13 12170 0.237 140 7.2 3.6
   14 14 11857 0.234 64 7.1 78.1
   15 15 12191 0.242 95 6.8 41.2
   16 16 11841 0.258 113 7.2 29.8
   17 17 11825 0.249 106 6.9 32
   18 18 10647 0.228 100 6.9 37.8
   19 19 11832 0.231 96 6.6 34.9
   20 20 11928 0.222 102 6.9 36.7
   21 21 10620 0.236 98 7.4 49.2
   22 22 11887 0.238 107 7.3 39.6
   23 23 12129 0.24 97 6.9 41.8
   24 24 11800 0.239 96 7.2 47.2
   25 25 10539 0.241 91 7.4 56.1
   26 26 12077 0.249 97 6.9 42.5
   27 27 10605 0.229 91 7.1 51.5
   28 28 10425 0.237 90 7.2 54.4
   29 29 12081 0.232 95 7 45.3
   30 30 12126 0.25 98 6.7 35.8
   31 31 10657 0.229 104 6.8 32.5
   32 32 12083 0.224 98 7.1 45.1
   33 33 11885 0.232 98 6.8 37.4
   34 34 12130 0.221 99 7.4 49.4
   35 35 12119 0.228 101 6.9 36.2
   36 36 10615 0.237 100 7 40.7
