
                             #ME234_2 number 113.

#02-DEC-2014 , 22:15:25 (Geneva time)

   #N AFEB pos. AFEB num. Int.cap.(pF) U(mv)20fc Gain Offset
   1 1 5600 0.245 70 6.7 64.2
   2 2 5556 0.226 75 6.9 62.6
   3 3 4977 0.231 74 7.2 70.1
   4 4 5028 0.215 55 7.2 88.7
   5 5 4819 0.2 71 7.1 71.3
   6 6 5019 0.234 86 6.9 52.8
   7 7 5668 0.263 60 7 80.1
   8 8 4964 0.225 55 6.7 79.3
   9 9 5011 0.26 86 7.3 60
   10 10 4986 0.221 65 6.3 62
   11 11 5003 0.213 123 7 17.4
   12 12 5029 0.277 69 7.2 75.9
   13 13 6009 0.234 68 7 72.2
   14 14 4818 0.234 74 7 64.9
   15 15 5192 0.263 94 6.9 44.1
   16 16 4996 0.218 68 6.8 68.5
   17 17 5050 0.228 76 6.7 57.7
   18 18 5656 0.219 82 7.1 59.5
   19 19 5022 0.288 93 6.8 43.4
   20 20 5692 0.221 73 6.8 64.4
   21 21 5024 0.236 86 6 33.7
   22 22 5682 0.225 77 7.2 68.3
   23 23 5633 0.238 94 7 45.7
   24 24 4993 0.24 75 6.2 49.4
