
                             #ME234_2 number 250.

#02-DEC-2014 , 22:39:14 (Geneva time)

   #N AFEB pos. AFEB num. Int.cap.(pF) U(mv)20fc Gain Offset
   1 1 12080550 0.2111 70.12 7.03 70.42
   2 2 12080354 0.2173 73.83 6.7 60.16
   3 3 12080510 0.2115 51.53 7.04 89.32
   4 4 12080208 0.2214 71.54 6.86 65.58
   5 5 12080439 0.2167 76.5 6.79 59.26
   6 6 12080500 0.2215 79.65 7.25 65.29
   7 7 12080448 0.2028 100.98 6.95 37.96
   8 8 12080556 0.247 73.16 6.57 58.28
   9 9 12080618 0.2311 69.9 7.15 73.11
   10 10 12080168 0.2006 89.61 7.12 52.77
   11 11 12080697 0.2621 96.95 6.46 32.2
   12 12 12080687 0.2223 39.99 6.84 96.88
   13 13 12080729 0.2035 90.63 7.16 52.56
   14 14 12080035 0.2146 114.51 7.41 33.71
   15 15 12080612 0.2057 42.7 7.33 103.84
   16 16 12080665 0.2279 66.94 6.99 72.83
   17 17 12080720 0.1977 100.11 7.03 40.45
   18 18 12080253 0.2456 74.9 6.35 52.03
   19 19 12080525 0.2427 74.13 7.33 72.54
   20 20 12080056 0.2048 93.2 6.91 44.97
   21 21 12080651 0.2061 105.12 7.08 36.47
   22 22 12080701 0.2126 116.97 7.17 26.36
   23 23 12080524 0.2137 98.07 7.01 42.16
   24 24 12080736 0.2384 92.37 7.45 56.71
