
                              #ME234_2 number 88.

#02-DEC-2014 , 22:15:21 (Geneva time)

   #N AFEB pos. AFEB num. Int.cap.(pF) U(mv)20fc Gain Offset
   1 1 3332 0.218 97 7.1 45.2
   2 2 9646 0.227 85 6.7 49.1
   3 3 7743 0.24 94 7.2 49.8
   4 4 7773 0.223 80 6.3 46.1
   5 5 9564 0.237 75 7.4 73.9
   6 6 3391 0.224 122 7.5 27.9
   7 7 8477 0.257 72 7.2 71.5
   8 8 3588 0.243 78 7 62.4
   9 9 7867 0.242 88 7 51.9
   10 10 7771 0.232 62 7 77.5
   11 11 7641 0.246 85 6.9 52.8
   12 12 4179 0.206 109 7 31
   13 13 8474 0.25 77 7 62.1
   14 14 7777 0.209 80 7 59.6
   15 15 8349 0.233 85 6.8 51.7
   16 16 3742 0.215 101 6.6 31.8
   17 17 3389 0.25 100 6.9 38.9
   18 18 9595 0.207 110 6.8 27.2
   19 19 7694 0.237 102 7.3 45.3
   20 20 8413 0.27 92 7.2 52.1
   21 21 9568 0.211 78 7 62.2
   22 22 4111 0.224 67 7.2 76.2
   23 23 7709 0.229 82 6.9 57
   24 24 3353 0.228 69 6.5 60.1
