
                             #ME234_2 number 140.

#02-DEC-2014 , 22:15:29 (Geneva time)

   #N AFEB pos. AFEB num. Int.cap.(pF) U(mv)20fc Gain Offset
   1 1 7159 0.231 89 6.7 44.8
   2 2 7174 0.229 91 7 48.5
   3 3 7112 0.25 119 6.6 12
   4 4 7127 0.213 75 7.1 65.9
   5 5 7034 0.241 74 6.8 60.9
   6 6 8005 0.225 77 6.5 53.7
   7 7 8486 0.229 82 6.9 56.3
   8 8 9302 0.242 82 7.2 60.9
   9 9 7116 0.229 87 6.8 48.2
   10 10 8392 0.219 90 7.1 51.2
   11 11 7119 0.202 116 7.2 27.9
   12 12 7013 0.233 77 7.1 64.3
   13 13 7050 0.248 111 6.8 25.2
   14 14 8566 0.244 66 6.1 56.3
   15 15 9256 0.223 53 6.7 80.2
   16 16 7019 0.245 102 6.8 34.3
   17 17 7005 0.238 79 6.9 59.4
   18 18 6965 0.242 79 6.9 58.8
   19 19 8485 0.214 89 7 51.2
   20 20 8425 0.238 85 6.9 53.4
   21 21 7063 0.25 70 7.2 74.7
   22 22 7147 0.234 85 7.1 56.1
   23 23 8344 0.226 89 6.8 47.9
   24 24 8364 0.231 93 6.9 45.4
