
                               #ME2_1 number 10.

#02-DEC-2014 , 22:15:02 (Geneva time)

   #N AFEB pos. AFEB num. Int.cap.(pF) U(mv)20fc Gain Offset
   1 1 6429 0.231 111 6.3 14.4
   2 2 6716 0.22 105 6.5 24.4
   3 3 3597 0.234 114 6.6 18.5
   4 4 1434 0.242 109 6.2 15.3
   5 5 7178 0.257 116 5.8 -.3
   6 6 341 0.222 96 6.7 38.9
   7 7 5857 0.262 104 7.1 37.3
   8 8 6626 0.24 92 5.9 26.1
   9 9 1340 0.255 109 6.5 21.4
   10 10 9665 0.217 80 7 59.4
   11 11 624 0.236 105 6 14.5
   12 12 4102 0.228 91 6.8 45.8
   13 13 5145 0.27 104 6.6 28.5
   14 14 2922 0.223 99 6.5 29.9
   15 15 8454 0.275 95 6.7 38.8
   16 16 3772 0.295 107 6.4 21.1
   17 17 6591 0.231 93 5.9 26.1
   18 18 4969 0.228 95 7.1 46.8
   19 19 2399 0.22 114 7.1 28
   20 20 1117 0.235 99 6.4 28.1
   21 21 9722 0.224 88 6.4 40.7
   22 22 653 0.23 99 6.9 39.9
   23 23 6345 0.267 111 6.4 17.4
   24 24 9335 0.264 103 6.8 33.3
   25 25 11346 0.259 76 6.8 60.4
   26 26 6465 0.234 89 7.1 53.2
   27 27 134 0.254 121 6.6 10.5
   28 28 3247 0.218 112 6.9 25.2
   29 29 4701 0.214 108 6.2 16.5
   30 30 10549 0.233 97 7 42.7
   31 31 5490 0.228 95 7.3 51.9
   32 32 8441 0.223 77 6.7 57.3
   33 33 3784 0.263 98 7.2 46.5
   34 34 4518 0.227 106 6.1 16.8
   35 35 376 0.248 120 6.9 18.3
   36 36 9886 0.228 92 7.2 52.1
   37 37 269 0.219 110 6.3 16
   38 38 8772 0.218 93 6.7 40.5
   39 39 558 0.229 103 6.9 34.4
   40 40 1502 0.231 96 7 44.8
   41 41 319 0.225 104 6.2 19.9
   42 42 11018 0.206 85 7.3 61.2
