
                               #ME1_3 number 23.

#02-DEC-2014 , 22:14:55 (Geneva time)

   #N AFEB pos. AFEB num. Int.cap.(pF) U(mv)20fc Gain Offset
   1 1 9078 0.238 106 6.8 31
   2 2 9842 0.23 95 7.2 48.9
   3 3 9801 0.225 58 7.4 89.6
   4 4 9789 0.242 68 7.2 75.6
   5 5 9850 0.249 75 7 65.4
   6 6 9848 0.234 80 7 59.9
   7 7 9153 0.216 87 7 52.7
   8 8 9852 0.232 68 6.4 60.1
   9 9 9044 0.246 75 6.8 60.8
   10 10 9737 0.242 79 7 62.1
   11 11 9687 0.225 101 6.9 37.5
   12 12 3004 0.249 81 6.8 55.3
