
                               #ME1_2 number 39.

#02-DEC-2014 , 22:14:47 (Geneva time)

   #N AFEB pos. AFEB num. Int.cap.(pF) U(mv)20fc Gain Offset
   1 1 6424 0.253 73 6.8 62.4
   2 2 6445 0.226 53 6.3 72.5
   3 3 4787 0.226 78 7 61.7
   4 4 6496 0.265 56 6.2 67.4
   5 5 4929 0.245 77 6.2 47.6
   6 6 4739 0.244 78 6.8 58.4
   7 7 4600 0.225 67 7 72.8
   8 8 4616 0.247 73 6.7 61.4
   9 9 2024 0.242 95 7.3 51.4
   10 10 2162 0.241 109 6.5 20.3
   11 11 4697 0.238 84 6.9 54.6
   12 12 2173 0.229 91 7.1 49.9
   13 13 4639 0.238 90 6.6 40.8
   14 14 2004 0.23 44 6.2 81.3
   15 15 4705 0.253 91 6.7 43.1
   16 16 2092 0.244 67 7 72.6
   17 17 2042 0.204 95 7.1 46.4
   18 18 2005 0.249 110 6.5 19.6
   19 19 2166 0.251 85 7.2 60.2
   20 20 4581 0.256 111 7.2 31.6
   21 21 2006 0.228 98 6.3 27.7
   22 22 2014 0.213 86 7 54
   23 23 4598 0.244 90 7.1 50.5
   24 24 4621 0.223 120 7.1 21.9
