
                              #ME234_2 number 5.

#02-DEC-2014 , 22:15:09 (Geneva time)

   #N AFEB pos. AFEB num. Int.cap.(pF) U(mv)20fc Gain Offset
   1 1 1820 0.231 93 7 46.4
   2 2 1804 0.261 85 6.5 45
   3 3 1739 0.237 78 6.1 44.2
   4 4 1786 0.232 86 6.5 43.3
   5 5 3038 0.225 105 7.2 39.1
   6 6 1568 0.244 98 6.4 30
   7 7 287 0.274 101 6.6 31.5
   8 8 7304 0.239 95 7 44.9
   9 9 7277 0.22 113 7.3 33.8
   10 10 7435 0.219 94 6.8 42.9
   11 11 1788 0.244 98 6.6 32.8
   12 12 2874 0.265 95 6.8 40.5
   13 13 3630 0.212 100 7 39.7
   14 14 3203 0.275 96 6.7 36.6
   15 15 1824 0.228 81 6.2 43.8
   16 16 3054 0.246 97 6.8 38.6
   17 17 2804 0.229 103 7 37.3
   18 18 3074 0.241 87 6.7 46.6
   19 19 3231 0.247 95 6.9 43.6
   20 20 4519 0.245 107 6.9 31.2
   21 21 1724 0.222 85 6.4 44.1
   22 22 1753 0.208 96 7.1 46.5
   23 23 7221 0.26 91 6.1 30.8
   24 24 3095 0.219 81 6.2 43.3
