
                               #ME1_3 number 38.

#02-DEC-2014 , 22:14:56 (Geneva time)

   #N AFEB pos. AFEB num. Int.cap.(pF) U(mv)20fc Gain Offset
   1 1 8519 0.245 71 7 69.5
   2 2 8263 0.244 83 6.9 55.1
   3 3 8988 0.215 53 6.5 76.5
   4 4 8423 0.243 92 6.9 46.3
   5 5 8324 0.245 73 6.7 61.9
   6 6 8328 0.235 79 6.9 59.3
   7 7 8183 0.214 62 7.1 79.3
   8 8 9673 0.25 81 6.8 54.6
   9 9 9672 0.222 93 7 47.5
   10 10 8281 0.242 92 7 47.5
   11 11 8174 0.238 77 7.3 69.6
   12 12 6674 0.223 76 6.3 50.7
