
                               #ME3_1 number 5.

#02-DEC-2014 , 22:15:31 (Geneva time)

   #N AFEB pos. AFEB num. Int.cap.(pF) U(mv)20fc Gain Offset
   1 1 10513 0.219 107 7.2 37.4
   2 2 10442 0.243 95 6.8 40.8
   3 3 10394 0.239 99 7 40
   4 4 10511 0.264 103 6.9 34
   5 5 10556 0.235 96 7.3 49.8
   6 6 10505 0.243 111 7.1 30.9
   7 7 10526 0.236 108 7.2 36
   8 8 10392 0.234 105 7.2 38.9
   9 9 10548 0.224 100 6.9 38.5
   10 10 10518 0.241 97 6.8 39.2
   11 11 10521 0.252 106 6.5 23.5
   12 12 10466 0.25 113 6.8 22
   13 13 10514 0.252 107 6.9 30.3
   14 14 10463 0.263 113 7.3 32.4
   15 15 10404 0.255 99 7 41.1
   16 16 10406 0.233 116 6.8 21.4
   17 17 10633 0.221 103 7.1 38.9
   18 18 10499 0.22 102 7.2 40.9
   19 19 10446 0.223 114 7 25.8
   20 20 10636 0.244 104 6.9 34.2
   21 21 10496 0.227 102 7.3 44.2
   22 22 10536 0.245 106 7.4 42.9
   23 23 10497 0.241 100 6.9 37.5
   24 24 10558 0.24 102 7.2 42.2
   25 25 10447 0.227 118 7.3 27.5
   26 26 8046 0.224 83 7 57
   27 27 10498 0.235 105 6.8 30.4
   28 28 10456 0.248 101 7.3 44.8
   29 29 10469 0.204 103 7.1 38.3
   30 30 10533 0.214 112 7 28.5
   31 31 10535 0.241 115 7 26.1
   32 32 10393 0.264 107 7.1 34.7
   33 33 10504 0.216 106 7 33.4
   34 34 10541 0.236 108 7 32.4
   35 35 10545 0.236 111 6.4 17.9
   36 36 10506 0.212 102 7 38
