
                              #ME234_2 number 30.

#02-DEC-2014 , 22:15:12 (Geneva time)

   #N AFEB pos. AFEB num. Int.cap.(pF) U(mv)20fc Gain Offset
   1 1 533 0.252 115 6.6 17.6
   2 2 1004 0.246 89 7.5 61.2
   3 3 31 0.257 97 6.8 39.3
   4 4 847 0.23 136 7.1 5.2
   5 5 3 0.243 85 7 55.9
   6 6 96 0.253 85 6.9 53.9
   7 7 1041 0.244 102 7 38
   8 8 826 0.229 127 7 14
   9 9 142 0.245 134 7 5
   10 10 841 0.256 120 6.9 18.9
   11 11 361 0.256 102 7.1 39.5
   12 12 1064 0.24 149 6.9 -11
   13 13 1043 0.239 137 7.1 5.8
   14 14 459 0.255 105 6.8 32.3
   15 15 1070 0.249 82 6.9 57.1
   16 16 570 0.231 105 7.1 37
   17 17 481 0.25 121 6.7 13.5
   18 18 128 0.234 123 7.4 25.6
   19 19 201 0.258 108 6.9 30.6
   20 20 854 0.238 105 7.2 39.3
   21 21 28 0.233 76 7.1 65.7
   22 22 579 0.261 92 6.8 44.7
   23 23 734 0.288 106 6.7 27.7
   24 24 861 0.253 97 6.9 41.1
