
                               #ME3_1 number 19.

#02-DEC-2014 , 22:15:34 (Geneva time)

   #N AFEB pos. AFEB num. Int.cap.(pF) U(mv)20fc Gain Offset
   1 1 1631 0.276 94 7.4 54.2
   2 2 2775 0.236 76 6.7 59
   3 3 1653 0.259 105 6.9 33
   4 4 1661 0.23 67 7.4 81.8
   5 5 941 0.248 96 6.8 40.3
   6 6 340 0.256 121 7.2 23.2
   7 7 2621 0.221 80 7.2 64
   8 8 1706 0.226 44 6.3 82.9
   9 9 2873 0.274 55 6.4 72.3
   10 10 1297 0.208 71 7.2 73.8
   11 11 414 0.255 95 6.9 42.4
   12 12 561 0.228 101 6.8 34.6
   13 13 565 0.284 106 6.5 24.1
   14 14 1519 0.215 84 6.8 52
   15 15 775 0.241 115 6.7 18.2
   16 16 38 0.233 101 6.8 34
   17 17 94 0.226 109 6.8 26.4
   18 18 102 0.23 129 6.8 6.6
   19 19 555 0.227 85 7.3 62.2
   20 20 1376 0.228 88 7.1 54.5
   21 21 1380 0.243 98 6.6 33.8
   22 22 8309 0.226 109 7.3 37.1
   23 23 954 0.286 73 6.8 63.4
   24 24 967 0.232 100 7.3 45.9
   25 25 9241 0.246 77 6.9 60.9
   26 26 4052 0.243 96 6.5 33.1
   27 27 8408 0.238 93 6.2 32.2
   28 28 3250 0.214 89 6.6 43
   29 29 548 0.228 73 6.8 64.2
   30 30 2550 0.208 107 7.2 37.5
   31 31 5963 0.218 103 7.1 37.6
   32 32 4988 0.238 89 5.9 30.1
   33 33 989 0.241 135 7.1 7.5
   34 34 6109 0.236 100 6.8 37.1
   35 35 4099 0.217 93 6.7 40.5
   36 36 7883 0.236 101 6.7 33.8
