
                               #ME1_2 number 44.

#02-DEC-2014 , 22:14:48 (Geneva time)

   #N AFEB pos. AFEB num. Int.cap.(pF) U(mv)20fc Gain Offset
   1 1 6106 0.241 66 7.3 80.6
   2 2 6045 0.203 57 7.3 88.4
   3 3 6599 0.242 54 6.2 69
   4 4 9250 0.21 63 6.8 72.1
   5 5 6579 0.227 51 6.3 74.5
   6 6 6115 0.229 76 6.5 53.8
   7 7 644 0.235 107 6.7 27.6
   8 8 1584 0.211 83 7.2 59.9
   9 9 3019 0.217 138 7.3 7.3
   10 10 943 0.227 103 6.7 29.7
   11 11 7180 0.242 53 6.7 80.7
   12 12 965 0.242 110 7 29.4
   13 13 891 0.24 94 6.6 37.5
   14 14 2107 0.232 61 7.1 80.9
   15 15 896 0.239 106 6.7 28.5
   16 16 814 0.296 62 6.6 69.2
   17 17 811 0.235 124 6.7 10.6
   18 18 7335 0.227 68 6.1 55.2
   19 19 7295 0.246 64 6.8 72.3
   20 20 7387 0.247 83 7.2 60.8
   21 21 749 0.234 78 7.2 65.9
   22 22 512 0.236 88 7 50.9
   23 23 834 0.293 71 7 69
   24 24 899 0.24 115 6.9 23.3
