
                               #ME1_3 number 24.

#02-DEC-2014 , 22:14:55 (Geneva time)

   #N AFEB pos. AFEB num. Int.cap.(pF) U(mv)20fc Gain Offset
   1 1 9811 0.24 83 6.8 53.6
   2 2 8360 0.26 78 7 61.7
   3 3 9787 0.256 79 7 61.7
   4 4 9905 0.245 63 6.7 70.6
   5 5 9175 0.248 74 7.2 69.3
   6 6 9814 0.24 77 6.8 59.3
   7 7 8439 0.222 74 7.1 68.1
   8 8 9169 0.233 58 7.2 86.9
   9 9 9364 0.258 91 6.6 41.3
   10 10 6361 0.227 91 6.6 40.8
   11 11 6287 0.228 85 7 54.4
   12 12 9133 0.237 60 6.9 79.2
