
                               #ME3_1 number 35.

#02-DEC-2014 , 22:15:36 (Geneva time)

   #N AFEB pos. AFEB num. Int.cap.(pF) U(mv)20fc Gain Offset
   1 1 7845 0.217 103 7.4 44.7
   2 2 7858 0.205 61 7 78.8
   3 3 7885 0.228 90 6.4 38.4
   4 4 7827 0.233 83 7.4 65
   5 5 8506 0.234 69 7.4 79.5
   6 6 8587 0.239 72 6.8 63.4
   7 7 7294 0.239 63 6.6 68.4
   8 8 8594 0.243 65 6.8 70.7
   9 9 8932 0.215 57 7 83.3
   10 10 7846 0.22 126 7.1 15.4
   11 11 8705 0.244 76 6.8 59.4
   12 12 7854 0.233 64 6.5 66.3
   13 13 7823 0.224 62 6.5 68.3
   14 14 8936 0.217 127 6.9 11.3
   15 15 7839 0.234 94 6.5 35.7
   16 16 8937 0.238 101 6.8 35
   17 17 7880 0.243 58 6.4 69.6
   18 18 7876 0.254 82 6.6 50.3
   19 19 7857 0.244 67 7.2 76.8
   20 20 7870 0.243 77 6.8 59.9
   21 21 8940 0.221 81 7.7 73.1
   22 22 7378 0.248 101 6.7 32.8
   23 23 8703 0.224 60 6.9 78.4
   24 24 8499 0.278 90 6.6 41.5
   25 25 7841 0.234 79 6.2 45.1
   26 26 7779 0.225 57 7.1 85.5
   27 27 7830 0.253 65 6.9 72.4
   28 28 7831 0.229 48 6.5 82.2
   29 29 8601 0.25 78 6.8 57.5
   30 30 8900 0.282 86 6.7 47.1
   31 31 8673 0.242 76 6.6 54.5
   32 32 8735 0.233 72 6.4 56.2
   33 33 7673 0.247 80 7.1 62.7
   34 34 8611 0.243 126 7.2 18.1
   35 35 7810 0.244 101 6.8 35.8
   36 36 7878 0.223 70 6.7 62.9
