
                              #ME234_2 number 98.

#02-DEC-2014 , 22:15:23 (Geneva time)

   #N AFEB pos. AFEB num. Int.cap.(pF) U(mv)20fc Gain Offset
   1 1 5393 0.261 61 6.5 68.6
   2 2 5321 0.242 85 6.9 52.5
   3 3 5324 0.22 80 6.6 51.5
   4 4 5485 0.238 84 6.3 42.5
   5 5 5418 0.228 81 7.1 60.7
   6 6 5341 0.232 50 6.8 86.4
   7 7 5414 0.246 79 7 60
   8 8 5246 0.205 73 7.1 68
   9 9 5303 0.227 92 6.9 47.4
   10 10 7094 0.234 80 7.1 62.5
   11 11 5371 0.229 85 6.8 51.5
   12 12 5409 0.261 75 7 63.7
   13 13 7135 0.226 65 6.6 67.4
   14 14 5369 0.275 69 6.7 65.3
   15 15 5338 0.227 50 7.2 94.6
   16 16 5407 0.229 62 6.8 73.6
   17 17 7104 0.218 89 7.1 53.9
   18 18 7028 0.244 78 6.9 61.5
   19 19 7067 0.243 111 7.2 32.7
   20 20 7138 0.246 64 6.8 72.8
   21 21 5365 0.245 66 6.3 59.8
   22 22 5405 0.234 61 7 78.3
   23 23 5389 0.221 130 6.7 4.9
   24 24 5345 0.247 85 7.2 59.9
