
                             #ME234_2 number 211.

#02-DEC-2014 , 22:39:15 (Geneva time)

   #N AFEB pos. AFEB num. Int.cap.(pF) U(mv)20fc Gain Offset
   1 1 9227 0.237 82 6.7 52.6
   2 2 9138 0.244 73 6.8 63.9
   3 3 9213 0.246 91 6.8 44.3
   4 4 3953 0.216 72 6.7 60.9
   5 5 4182 0.235 78 7.4 69.4
   6 6 9179 0.257 99 6.7 35.7
   7 7 9035 0.258 105 7.3 41.1
   8 8 9118 0.237 77 7 62.9
   9 9 4162 0.242 71 6.9 67.7
   10 10 9184 0.218 84 6.8 53.1
   11 11 4161 0.266 92 7.2 52.3
   12 12 4142 0.245 62 6.5 68.1
   13 13 9240 0.243 79 7.4 68.2
   14 14 3928 0.233 49 6.5 81.1
   15 15 3725 0.231 66 7.2 77.2
   16 16 4358 0.248 65 6.7 68.4
   17 17 3878 0.235 47 6.5 82
   18 18 9157 0.223 68 6.8 67.1
   19 19 9065 0.243 82 7.1 59.4
   20 20 9076 0.224 72 6.6 59.6
   21 21 9146 0.221 112 7.3 33.1
   22 22 4070 0.245 85 6.9 52.8
   23 23 9210 0.254 89 7 50.5
   24 24 9163 0.228 93 6.8 43.8
