
                               #ME3_1 number 2.

#02-DEC-2014 , 22:15:31 (Geneva time)

   #N AFEB pos. AFEB num. Int.cap.(pF) U(mv)20fc Gain Offset
   1 1 9759 0.233 80 6.8 55.3
   2 2 10534 0.222 110 6.4 17.3
   3 3 11141 0.231 103 6.7 31
   4 4 9172 0.24 91 7 48.3
   5 5 10460 0.25 102 6.6 29.4
   6 6 10385 0.238 101 6.7 34.3
   7 7 8276 0.266 95 6.2 28.1
   8 8 8612 0.213 129 6.9 8
   9 9 10419 0.237 106 7 35.3
   10 10 9888 0.231 91 7.3 54.8
   11 11 10429 0.263 116 6.8 19.6
   12 12 11135 0.245 97 6.9 40
   13 13 8508 0.257 76 6.8 60.8
   14 14 8701 0.205 97 7 43.5
   15 15 10343 0.22 107 7.5 42.7
   16 16 9088 0.238 60 6.4 67.2
   17 17 9853 0.22 52 6.5 78.1
   18 18 10426 0.235 106 7.2 38.3
   19 19 9113 0.233 52 6.9 85.3
   20 20 9826 0.227 100 7.4 49
   21 21 10376 0.239 94 7 45.7
   22 22 8738 0.24 84 7.3 61.2
   23 23 9892 0.296 77 7.2 66.5
   24 24 11061 0.244 98 7.1 43.7
   25 25 6494 0.242 54 6.2 69.3
   26 26 10525 0.244 113 7 28.3
   27 27 10464 0.251 111 6.6 19.9
   28 28 8856 0.211 110 7 29.1
   29 29 10427 0.221 112 6.8 23.9
   30 30 10540 0.22 92 7.4 56.1
   31 31 8622 0.207 99 6.9 39.1
   32 32 10501 0.242 101 6.7 34.3
   33 33 10547 0.241 111 6.8 24.2
   34 34 10517 0.23 93 6.9 45.5
   35 35 10543 0.248 111 6.7 22.3
   36 36 10457 0.235 102 6.5 28.9
