
                               #ME1_3 number 60.

#02-DEC-2014 , 22:14:59 (Geneva time)

   #N AFEB pos. AFEB num. Int.cap.(pF) U(mv)20fc Gain Offset
   1 1 8925 0.205 88 7.1 55
   2 2 9763 0.286 79 6.5 50.5
   3 3 9890 0.247 81 6.6 50.2
   4 4 8910 0.234 82 6.6 50.2
   5 5 6994 0.232 80 7.1 62.4
   6 6 8503 0.25 77 6.9 61.7
   7 7 7197 0.204 81 7.1 61.9
   8 8 9861 0.241 70 6.4 58.3
   9 9 9884 0.256 78 7.2 65.8
   10 10 8944 0.231 88 6.6 44.2
   11 11 9804 0.238 96 7.1 45.7
   12 12 9690 0.233 78 6.9 60.5
