
                               #ME3_1 number 13.

#02-DEC-2014 , 22:15:33 (Geneva time)

   #N AFEB pos. AFEB num. Int.cap.(pF) U(mv)20fc Gain Offset
   1 1 3094 0.258 64 6.7 70.3
   2 2 3153 0.234 94 7.1 48.4
   3 3 3239 0.222 59 6.3 67.2
   4 4 3029 0.256 69 7.4 78.7
   5 5 2446 0.258 106 7.2 37.9
   6 6 3107 0.246 71 6.5 59.4
   7 7 466 0.288 101 6.6 30.2
   8 8 2864 0.236 61 7.3 84.2
   9 9 2860 0.233 84 7 56.7
   10 10 2850 0.236 61 6.7 73.9
   11 11 1161 0.232 97 7 42.8
   12 12 3568 0.217 57 6.3 70
   13 13 3057 0.22 119 7.1 22.4
   14 14 3522 0.224 74 6.4 53.8
   15 15 3295 0.214 84 7 55.8
   16 16 2812 0.24 84 6.9 54.5
   17 17 3364 0.241 74 6.9 64.9
   18 18 1565 0.234 89 7 51.8
   19 19 2944 0.243 79 6.9 59
   20 20 4535 0.234 97 7.2 47.4
   21 21 2927 0.221 52 6.4 76.2
   22 22 4586 0.242 70 6.9 68.1
   23 23 2783 0.213 102 7.1 39.7
   24 24 2896 0.211 101 7.6 50.9
   25 25 3603 0.221 93 6.7 41.3
   26 26 3447 0.241 80 6.2 43.8
   27 27 3274 0.217 60 6.9 78.2
   28 28 3065 0.222 119 7.2 25.5
   29 29 2892 0.222 97 7.5 52
   30 30 205 0.248 113 6.9 25
   31 31 2978 0.206 107 7.5 42.9
   32 32 3338 0.224 70 6.5 59.1
   33 33 2613 0.201 67 7.3 79.6
   34 34 1573 0.234 108 7.2 35.4
   35 35 3248 0.257 79 7.2 64.4
   36 36 2432 0.213 80 7.1 61.5
