
                               #ME3_1 number 14.

#02-DEC-2014 , 22:15:33 (Geneva time)

   #N AFEB pos. AFEB num. Int.cap.(pF) U(mv)20fc Gain Offset
   1 1 1494 0.248 82 6.5 47.4
   2 2 2951 0.244 103 7.3 43.9
   3 3 2895 0.234 50 6.8 86.9
   4 4 2876 0.288 77 6.8 58.2
   5 5 3480 0.249 56 6.9 82.4
   6 6 2930 0.233 68 7.2 76.8
   7 7 3258 0.24 83 7.1 58.7
   8 8 3484 0.238 85 6.2 39.5
   9 9 2845 0.252 82 6.9 56.3
   10 10 3106 0.232 97 6.8 39.2
   11 11 3337 0.23 98 7.4 49.1
   12 12 1500 0.24 84 6.4 44.9
   13 13 3020 0.233 102 7 38.1
   14 14 4551 0.247 83 6.6 48.8
   15 15 3388 0.241 83 6.8 52.4
   16 16 3196 0.228 68 6.4 59.6
   17 17 3044 0.216 62 6.5 67.2
   18 18 3080 0.228 68 6.4 58.9
   19 19 3172 0.223 57 6.4 70.6
   20 20 2863 0.249 99 6.8 36.3
   21 21 3521 0.273 77 6.9 61.1
   22 22 3273 0.235 68 6.5 61.6
   23 23 3056 0.241 84 7.4 64.7
   24 24 3566 0.242 92 7.3 54.2
   25 25 3205 0.217 77 6.4 51.3
   26 26 3032 0.207 66 7.1 75.3
   27 27 1583 0.226 105 7.2 38.4
   28 28 1530 0.212 71 7 67.9
   29 29 3097 0.216 58 7 82.1
   30 30 3167 0.233 82 6.9 55.4
   31 31 3558 0.224 87 6.4 42.4
   32 32 1680 0.236 97 6.4 31.3
   33 33 1307 0.232 66 7.4 82.8
   34 34 2423 0.213 60 7.3 86.4
   35 35 2960 0.244 109 6.7 24.6
   36 36 3470 0.204 98 7 41.9
