
                             #ME234_2 number 244.

#02-DEC-2014 , 22:39:18 (Geneva time)

   #N AFEB pos. AFEB num. Int.cap.(pF) U(mv)20fc Gain Offset
   1 1 12080449 0.2438 74.4 6.6 57.52
   2 2 12080298 0.215 105.77 6.63 26.91
   3 3 12080317 0.2223 86.45 7.33 60.24
   4 4 12080347 0.2803 86.3 7.06 55
   5 5 12080117 0.2577 100.21 7 39.73
   6 6 12080169 0.2311 102.33 6.81 33.78
   7 7 12080420 0.2221 76.82 7.35 70.14
   8 8 12080238 0.1982 95.16 7.13 47.44
   9 9 12080106 0.2273 88.92 7.31 57.21
   10 10 12080134 0.2159 104.88 7.4 43.2
   11 11 12080464 0.2231 52.59 7.06 88.6
   12 12 12080581 0.2204 103.27 6.94 35.57
   13 13 12080356 0.2117 83.92 6.99 55.96
   14 14 12080254 0.2171 79.52 7.22 64.88
   15 15 12080544 0.1963 96.32 6.96 42.8
   16 16 12080098 0.2271 66.11 6.85 70.95
   17 17 12080496 0.2173 119.33 6.69 14.49
   18 18 12080288 0.2122 100.57 7.03 39.99
   19 19 12080095 0.243 68.06 6.54 62.83
   20 20 12080357 0.2245 86.38 6.75 48.69
   21 21 12080097 0.245 86.22 6.65 46.83
   22 22 12080157 0.2502 44.83 7.12 97.6
   23 23 12080144 0.2189 105.93 7.06 35.29
   24 24 12080414 0.2206 98.87 7.19 44.86
