
                               #ME1_2 number 43.

#02-DEC-2014 , 22:14:48 (Geneva time)

   #N AFEB pos. AFEB num. Int.cap.(pF) U(mv)20fc Gain Offset
   1 1 9248 0.236 72 6.9 65.1
   2 2 6651 0.24 73 6.8 63.4
   3 3 6587 0.242 71 6.7 63.1
   4 4 6031 0.245 55 7 85.7
   5 5 9130 0.252 65 6.8 71.6
   6 6 6055 0.247 102 6.7 32.5
   7 7 3892 0.248 91 6.9 48.1
   8 8 3978 0.241 48 6.9 90.9
   9 9 7369 0.251 88 6.8 47.2
   10 10 7326 0.217 90 6.9 48.6
   11 11 7217 0.229 75 6.7 58.4
   12 12 7332 0.243 61 6.9 76.4
   13 13 7177 0.239 65 6.9 73.6
   14 14 7329 0.22 89 7.1 53.6
   15 15 7333 0.229 94 6.7 41.1
   16 16 3942 0.287 57 6.8 77.8
   17 17 2062 0.226 65 6.9 71.9
   18 18 1982 0.229 116 6.4 12.6
   19 19 7210 0.257 106 6.3 21.1
   20 20 2054 0.229 76 6.8 60.9
   21 21 7318 0.227 74 6.9 64.4
   22 22 2027 0.21 113 7.4 36.4
   23 23 3695 0.248 116 6.9 22.3
   24 24 7186 0.256 63 7.1 78.8
