
                               #ME1_3 number 54.

#02-DEC-2014 , 22:14:58 (Geneva time)

   #N AFEB pos. AFEB num. Int.cap.(pF) U(mv)20fc Gain Offset
   1 1 6561 0.234 84 7.1 58
   2 2 6703 0.236 62 7.6 89.7
   3 3 6661 0.235 85 6.9 54.1
   4 4 6166 0.247 73 6.3 53.6
   5 5 6054 0.241 123 6.9 15.7
   6 6 6466 0.259 81 6.3 45.4
   7 7 6277 0.242 87 7.4 61.3
   8 8 6464 0.251 75 6.3 51.4
   9 9 6690 0.225 64 7 76.2
   10 10 6434 0.249 79 6.1 43.6
   11 11 4959 0.231 44 6.5 86.8
   12 12 6075 0.266 60 7.2 84.8
