
                               #ME1_2 number 64.

#02-DEC-2014 , 22:14:51 (Geneva time)

   #N AFEB pos. AFEB num. Int.cap.(pF) U(mv)20fc Gain Offset
   1 1 6164 0.234 55 7.2 89.7
   2 2 5208 0.213 47 6.4 80.7
   3 3 9291 0.242 76 6.8 60.8
   4 4 8070 0.208 100 6.9 37.5
   5 5 8148 0.234 73 7.2 72
   6 6 7887 0.257 92 7.2 51.4
   7 7 8917 0.267 88 7.2 55
   8 8 7381 0.257 59 6.8 77.7
   9 9 8974 0.269 113 6.8 22.7
   10 10 7613 0.247 60 7 79.9
   11 11 7364 0.248 80 7.4 68
   12 12 7496 0.25 82 7.3 63.2
   13 13 7524 0.239 93 6.8 42.9
   14 14 8526 0.295 94 7 46.1
   15 15 8972 0.223 98 6.8 37.2
   16 16 7562 0.233 83 7.4 65.8
   17 17 8897 0.264 81 6.8 54.2
   18 18 8973 0.245 63 6.8 72.5
   19 19 7629 0.239 85 6.8 50.2
   20 20 7526 0.269 69 7.6 84
   21 21 8913 0.216 89 6.9 49.7
   22 22 3766 0.226 78 6.7 56.5
   23 23 8640 0.224 61 7.1 80.5
   24 24 7519 0.229 81 7.3 64.2
