
                             #ME234_2 number 246.

#02-DEC-2014 , 22:39:21 (Geneva time)

   #N AFEB pos. AFEB num. Int.cap.(pF) U(mv)20fc Gain Offset
   1 1 12080146 0.2143 112.95 7 26.99
   2 2 12080595 0.2212 83.96 7.11 58.2
   3 3 12080744 0.2039 103.44 6.9 34.57
   4 4 12080139 0.2192 109.98 6.89 27.73
   5 5 12080684 0.2251 89.01 7.13 53.54
   6 6 12080170 0.2275 96.14 7.19 47.58
   7 7 12080147 0.2231 72.58 7.14 70.29
   8 8 12080262 0.1971 116.02 6.99 23.81
   9 9 12080547 0.2101 51.95 7.03 88.55
   10 10 12080411 0.2143 60.87 6.96 78.3
   11 11 12080324 0.2303 84.2 6.53 46.47
   12 12 12080520 0.2193 67.78 6.9 70.17
   13 13 12080578 0.2302 63.35 7.26 81.75
   14 14 12080453 0.2111 82.88 7.01 57.26
   15 15 12080052 0.1958 123.66 7.06 17.56
   16 16 12080583 0.221 77.03 6.95 61.98
   17 17 12080150 0.2202 85.19 7.05 55.77
   18 18 12080452 0.2329 99.29 6.43 29.26
   19 19 12080085 0.2161 113.71 6.84 23.12
   20 20 12080427 0.254 68.02 6.23 56.68
   21 21 12080636 0.219 53.4 6.66 79.73
   22 22 12080165 0.2118 74.63 7.11 67.67
   23 23 12080440 0.2185 64.85 7.11 77.33
   24 24 12080241 0.2414 67.04 6.56 64.12
