
                               #ME2_1 number 24.

#02-DEC-2014 , 22:15:05 (Geneva time)

   #N AFEB pos. AFEB num. Int.cap.(pF) U(mv)20fc Gain Offset
   1 1 9938 0.233 77 6.9 60.8
   2 2 9913 0.276 72 7 68.5
   3 3 9908 0.234 70 7.1 70.9
   4 4 9289 0.255 94 7 45.8
   5 5 9288 0.215 108 6.9 31.3
   6 6 9926 0.253 141 6.4 -12.1
   7 7 9943 0.243 94 7 45.2
   8 8 9337 0.252 93 7.6 60
   9 9 9942 0.243 66 6.7 69.2
   10 10 9266 0.258 54 7 86.6
   11 11 9484 0.228 88 6.9 49.3
   12 12 9321 0.221 46 6.5 83.3
   13 13 9472 0.223 90 6.9 48.5
   14 14 9598 0.226 67 6.4 60.8
   15 15 9940 0.243 89 7.1 52.1
   16 16 9298 0.249 75 7.4 71.9
   17 17 9312 0.218 77 7.2 66.7
   18 18 9259 0.238 63 7.2 80.8
   19 19 9236 0.267 75 6.4 54
   20 20 7652 0.247 91 7.3 55.5
   21 21 7706 0.248 73 6.9 64.5
   22 22 9363 0.249 71 6.8 65.3
   23 23 7800 0.256 111 7 29.6
   24 24 7925 0.239 84 7.3 62.3
   25 25 8220 0.229 79 6.9 59.4
   26 26 7653 0.244 71 7.5 78.9
   27 27 8215 0.24 84 6.7 50.5
   28 28 9569 0.24 88 6.9 49.9
   29 29 8002 0.212 102 7.5 47.3
   30 30 7980 0.255 63 6.7 70.4
   31 31 8192 0.219 89 7 50.9
   32 32 8219 0.248 54 6.8 83.3
   33 33 8199 0.239 65 7 74.7
   34 34 9345 0.237 90 6.9 47.4
   35 35 7726 0.236 67 6.2 57.8
   36 36 7920 0.229 90 7 50
   37 37 9324 0.226 68 7.1 75
   38 38 9360 0.221 68 7.1 73.6
   39 39 9389 0.229 94 7.2 49.7
   40 40 8023 0.219 83 6.4 44.4
   41 41 7681 0.223 94 7.1 47.3
   42 42 7977 0.212 94 7.5 56
