
                               #ME1_3 number 56.

#02-DEC-2014 , 22:14:58 (Geneva time)

   #N AFEB pos. AFEB num. Int.cap.(pF) U(mv)20fc Gain Offset
   1 1 6664 0.215 109 7 30.1
   2 2 6455 0.246 60 6.9 78.2
   3 3 4920 0.217 88 7.1 52.9
   4 4 6552 0.21 96 7.2 47
   5 5 6388 0.225 92 6 28.4
   6 6 6564 0.266 54 6.2 70
   7 7 6757 0.262 94 7 46.1
   8 8 6745 0.249 59 7 80.9
   9 9 4766 0.237 74 7.1 67.5
   10 10 4845 0.239 73 7.2 71.9
   11 11 6682 0.228 74 6.8 62.8
   12 12 6697 0.203 94 7.1 48.1
