
                               #ME1_3 number 26.

#02-DEC-2014 , 22:14:55 (Geneva time)

   #N AFEB pos. AFEB num. Int.cap.(pF) U(mv)20fc Gain Offset
   1 1 9047 0.245 98 6.8 37.2
   2 2 9083 0.278 93 7 46.9
   3 3 9150 0.238 84 7.1 56.7
   4 4 9798 0.258 89 7 50.5
   5 5 9832 0.25 60 7 79.5
   6 6 8556 0.242 102 7.3 42.8
   7 7 9058 0.24 89 6.9 48.4
   8 8 9082 0.216 90 7.1 51.8
   9 9 9819 0.231 75 6.6 56.5
   10 10 9160 0.25 103 7.2 41.1
   11 11 9784 0.24 65 6.8 69.8
   12 12 9839 0.261 80 6.8 56.8
