
                              #ME234_2 number 1.

#02-DEC-2014 , 22:15:08 (Geneva time)

   #N AFEB pos. AFEB num. Int.cap.(pF) U(mv)20fc Gain Offset
   1 1 5047 0.228 67 6.6 64.3
   2 2 5694 0.227 85 6.8 51.1
   3 3 5955 0.253 59 6.5 71.6
   4 4 5674 0.208 118 7.1 24.2
   5 5 5672 0.231 110 7 29.6
   6 6 5561 0.213 111 7 28.9
   7 7 5996 0.222 48 6.8 88.4
   8 8 5585 0.254 63 6.7 71.4
   9 9 5014 0.242 87 7.2 56.1
   10 10 5713 0.218 76 7 63.3
   11 11 5705 0.229 90 6.4 38.3
   12 12 5049 0.247 86 6.4 41.5
   13 13 5984 0.205 93 7.1 48.6
   14 14 5957 0.251 48 6.4 80.8
   15 15 4939 0.228 52 6.6 80.5
   16 16 5664 0.237 73 6.7 59.5
   17 17 4825 0.237 77 6.8 60.2
   18 18 4979 0.263 98 6.2 26.4
   19 19 5193 0.22 58 6.8 79.2
   20 20 6076 0.234 68 6.9 69.1
   21 21 5666 0.229 94 6.6 38.3
   22 22 1391 0.25 87 6.9 50.4
   23 23 5017 0.214 122 7.2 22
   24 24 5953 0.251 68 6.9 71.1
