
                               #ME1_3 number 49.

#02-DEC-2014 , 22:14:57 (Geneva time)

   #N AFEB pos. AFEB num. Int.cap.(pF) U(mv)20fc Gain Offset
   1 1 6642 0.239 84 6 36.6
   2 2 4761 0.232 69 6.9 69.4
   3 3 6532 0.246 77 7 63.3
   4 4 6470 0.21 68 7 72.3
   5 5 6375 0.217 83 7.3 62.3
   6 6 6420 0.244 79 6.9 58.8
   7 7 6694 0.245 80 6.7 54.1
   8 8 6096 0.241 53 6.6 78.2
   9 9 6712 0.242 77 6.8 59.7
   10 10 6433 0.237 67 7.1 75.5
   11 11 6453 0.226 60 6.5 70.9
   12 12 6728 0.251 80 6.5 50.1
