
                               #ME1_2 number 40.

#02-DEC-2014 , 22:14:47 (Geneva time)

   #N AFEB pos. AFEB num. Int.cap.(pF) U(mv)20fc Gain Offset
   1 1 5212 0.284 89 6.7 44.9
   2 2 6580 0.229 104 6.9 34.5
   3 3 6158 0.246 82 6.7 51
   4 4 6541 0.224 70 6.5 59.8
   5 5 6615 0.232 63 6.7 70.1
   6 6 4762 0.216 106 6.8 28.8
   7 7 3890 0.222 65 7 74.8
   8 8 7511 0.231 67 7.2 78.3
   9 9 7542 0.236 78 7.1 62.8
   10 10 7518 0.243 61 7 79.3
   11 11 3988 0.241 68 6.9 70.6
   12 12 7559 0.251 77 6.1 44.9
   13 13 4045 0.242 91 6.4 36.4
   14 14 7472 0.233 85 6.9 53
   15 15 3959 0.224 68 7.2 75.7
   16 16 4626 0.244 98 6.5 32.3
   17 17 7510 0.267 100 6.6 31.8
   18 18 3961 0.221 83 7.2 60.1
   19 19 4728 0.257 63 6.7 70.3
   20 20 4554 0.263 75 6.8 61.4
   21 21 4713 0.24 78 7.1 63.3
   22 22 4316 0.232 81 6.9 56.4
   23 23 4670 0.25 67 6.9 70.7
   24 24 7602 0.223 77 7.2 67.2
