
                             #ME234_2 number 110.

#02-DEC-2014 , 22:15:25 (Geneva time)

   #N AFEB pos. AFEB num. Int.cap.(pF) U(mv)20fc Gain Offset
   1 1 8620 0.296 56 6.8 79.6
   2 2 8864 0.224 74 6.7 58.9
   3 3 3943 0.255 78 6.9 59.4
   4 4 8538 0.247 84 6.8 52
   5 5 8790 0.234 78 7 62.4
   6 6 8855 0.233 85 7 54.8
   7 7 8803 0.216 89 7 51.2
   8 8 4044 0.257 85 7 54.9
   9 9 8799 0.231 80 6.4 47.8
   10 10 8424 0.23 109 6.2 15
   11 11 4048 0.225 83 7.2 60.9
   12 12 8846 0.225 89 6.8 46.8
   13 13 8528 0.244 83 7 55.8
   14 14 9282 0.251 95 6.7 39.5
   15 15 8562 0.261 96 6.8 40.4
   16 16 8131 0.255 72 7.5 76.8
   17 17 8426 0.249 76 6.9 62.2
   18 18 8357 0.227 73 7.2 70.2
   19 19 8858 0.23 74 7.2 70.2
   20 20 8491 0.246 59 7.5 90.2
   21 21 8573 0.239 85 6.7 48.1
   22 22 8013 0.25 89 6.9 48.6
   23 23 3979 0.237 69 6.9 69.2
   24 24 8034 0.236 71 6.5 59.4
