
                             #ME234_2 number 256.

#02-DEC-2014 , 22:39:13 (Geneva time)

   #N AFEB pos. AFEB num. Int.cap.(pF) U(mv)20fc Gain Offset
   1 1 12080516 0.2376 51.74 6.68 81.88
   2 2 12080659 0.2203 129.81 7.04 11
   3 3 12080565 0.2492 90.3 6.51 39.91
   4 4 12080675 0.2303 113.29 7.34 33.49
   5 5 12080303 0.2296 67.59 6.96 71.59
   6 6 12080094 0.2213 103.81 7.01 36.44
   7 7 12080188 0.2088 94.03 7 45.92
   8 8 12080272 0.2229 102.22 6.91 35.88
   9 9 12080690 0.2234 92.84 6.79 42.99
   10 10 12080192 0.2052 75.42 6.64 57.4
   11 11 12080299 0.264 91.02 6.32 35.33
   12 12 12080713 0.2338 84.8 6.42 43.61
   13 13 12080151 0.2299 88.32 6.32 38.18
   14 14 12080586 0.2433 89.43 6.89 48.27
   15 15 12080477 0.2288 67.4 7.16 75.75
   16 16 12080432 0.208 88.56 7.01 51.68
   17 17 12080271 0.216 104.33 6.99 35.52
   18 18 12080727 0.2078 100.24 6.59 31.61
   19 19 12080624 0.2162 79.58 7.24 65.16
   20 20 12080105 0.2502 98.91 6.94 39.95
   21 21 12080329 0.2329 61.39 7.25 83.68
   22 22 12080388 0.2309 112.37 7.7 41.57
   23 23 12080396 0.2065 73.39 6.83 63.16
   24 24 12080319 0.2135 75.91 6.89 61.83
