
                              #ME234_2 number 81.

#02-DEC-2014 , 22:15:20 (Geneva time)

   #N AFEB pos. AFEB num. Int.cap.(pF) U(mv)20fc Gain Offset
   1 1 4985 0.241 67 7.2 77.8
   2 2 4834 0.207 64 7 77
   3 3 5998 0.214 108 6.9 29.3
   4 4 4836 0.251 60 6.5 69.9
   5 5 5948 0.233 87 6.4 41.3
   6 6 6073 0.254 82 6.9 56.4
   7 7 5690 0.203 81 7.2 63.4
   8 8 5016 0.238 83 7.1 59.7
   9 9 5194 0.224 72 7 67.9
   10 10 5982 0.251 59 6.9 79.3
   11 11 5671 0.224 63 6.3 62.7
   12 12 5637 0.213 99 7.2 44.8
   13 13 5620 0.24 89 6.6 43.5
   14 14 4838 0.209 53 7 86.2
   15 15 4961 0.234 49 6.2 74.5
   16 16 5611 0.207 80 6.8 54.9
   17 17 5619 0.242 90 6.9 47.1
   18 18 5642 0.216 70 7 70.3
   19 19 5712 0.227 88 6.4 39.6
   20 20 6063 0.244 81 6.9 57.9
   21 21 5557 0.238 67 7.4 81.6
   22 22 5575 0.257 74 7.2 70.1
   23 23 5031 0.228 79 7.1 61.8
   24 24 5649 0.253 82 6.7 51.3
