
                               #ME3_1 number 22.

#02-DEC-2014 , 22:15:34 (Geneva time)

   #N AFEB pos. AFEB num. Int.cap.(pF) U(mv)20fc Gain Offset
   1 1 3257 0.231 76 7.3 70.5
   2 2 3126 0.233 78 6.8 58.2
   3 3 2867 0.23 97 7.1 45.3
   4 4 1612 0.218 95 7.3 50.9
   5 5 1549 0.238 57 6.5 72.4
   6 6 3355 0.232 72 7 68.4
   7 7 1323 0.22 80 7 59.9
   8 8 1564 0.234 133 6.8 3.4
   9 9 2900 0.247 117 6.9 20.7
   10 10 3414 0.226 91 7.2 53.3
   11 11 1829 0.246 100 7.3 46.8
   12 12 2853 0.216 90 6.8 46.8
   13 13 2798 0.239 64 7.1 77.3
   14 14 3229 0.239 81 7 58.2
   15 15 2965 0.245 105 7.4 42.5
   16 16 3328 0.235 95 6.9 43.1
   17 17 3374 0.226 73 6.9 64.1
   18 18 1421 0.231 83 7.6 68.3
   19 19 3489 0.244 84 6.2 39
   20 20 3084 0.261 71 6.2 54.4
   21 21 2981 0.249 90 6.8 47.1
   22 22 1782 0.226 131 6.9 7
   23 23 2989 0.215 85 6.6 46.8
   24 24 2985 0.297 99 6.7 34.7
   25 25 3311 0.223 48 6.2 75.7
   26 26 3148 0.241 61 6.6 71.9
   27 27 1540 0.227 89 7.1 53.9
   28 28 2939 0.238 83 6.9 55.5
   29 29 3378 0.257 77 6.9 61.7
   30 30 3188 0.229 74 6.3 52.4
   31 31 3175 0.237 79 6.1 43.4
   32 32 3591 0.273 96 6.5 34.1
   33 33 3265 0.216 61 6.5 69.9
   34 34 3324 0.283 90 7.1 50.9
   35 35 3233 0.222 80 6.3 45.8
   36 36 3572 0.25 84 6.2 40.6
