
                               #ME1_3 number 4.

#02-DEC-2014 , 22:14:53 (Geneva time)

   #N AFEB pos. AFEB num. Int.cap.(pF) U(mv)20fc Gain Offset
   1 1 6749 0.237 74 6.6 58
   2 2 4803 0.232 60 7.3 85.6
   3 3 4917 0.26 70 7.3 77.2
   4 4 4792 0.232 84 7 57.2
   5 5 5005 0.251 64 6.9 73.5
   6 6 6768 0.216 78 7.3 68.2
   7 7 4765 0.213 93 7.1 49.7
   8 8 6186 0.204 81 7.1 60.6
   9 9 6567 0.215 80 7.3 64.9
   10 10 6696 0.215 64 6.4 62.9
   11 11 4962 0.219 62 6.7 71.9
   12 12 4970 0.231 57 7.1 85.6
