
                               #ME1_2 number 75.

#02-DEC-2014 , 22:14:52 (Geneva time)

   #N AFEB pos. AFEB num. Int.cap.(pF) U(mv)20fc Gain Offset
   1 1 6112 0.235 87 6.8 48.1
   2 2 6029 0.262 72 7 69.1
   3 3 6650 0.22 73 6.9 65.5
   4 4 6123 0.216 85 7.1 57.7
   5 5 6588 0.245 98 6.3 27.8
   6 6 6060 0.202 91 7 49.5
   7 7 6883 0.239 54 6.4 74.2
   8 8 5117 0.22 80 7.4 68.2
   9 9 5914 0.254 46 6.5 83.9
   10 10 1525 0.248 89 6.8 46.6
   11 11 1458 0.226 68 6.2 55.6
   12 12 7644 0.25 85 6.8 50.5
   13 13 1444 0.213 72 6.9 66.3
   14 14 7714 0.225 112 7 28.6
   15 15 7798 0.243 76 7 63.9
   16 16 7640 0.245 82 6.9 55.5
   17 17 1586 0.217 72 7.1 69.3
   18 18 6947 0.249 77 6.9 60.7
   19 19 6922 0.234 72 6.8 63.9
   20 20 5085 0.262 94 6.6 38.5
   21 21 7708 0.215 51 6.9 86.6
   22 22 6899 0.225 88 7.3 58.6
   23 23 7851 0.254 73 6.5 57.5
   24 24 7728 0.225 88 6.9 50.2
