
                             #ME234_2 number 150.

#02-DEC-2014 , 22:15:30 (Geneva time)

   #N AFEB pos. AFEB num. Int.cap.(pF) U(mv)20fc Gain Offset
   1 1 12042 0.213 115 6.9 23.1
   2 2 10232 0.227 100 7.2 43.6
   3 3 11893 0.214 112 7.2 33.3
   4 4 10325 0.239 111 7.1 30.8
   5 5 10279 0.227 126 6.9 13.3
   6 6 11882 0.248 98 6.8 38.4
   7 7 11914 0.242 95 6.9 42.8
   8 8 10458 0.234 90 7.4 58.5
   9 9 11960 0.227 92 7.2 51.9
   10 10 10247 0.245 99 6.7 34.9
   11 11 10378 0.248 110 7 30.5
   12 12 10382 0.232 95 7.1 46
   13 13 10470 0.244 106 6.8 29.8
   14 14 11945 0.216 98 6.9 39.5
   15 15 11895 0.247 97 6.8 39.7
   16 16 11875 0.219 92 7.3 55.1
   17 17 11963 0.242 102 6.8 33.7
   18 18 11988 0.252 94 6.8 42.6
   19 19 10231 0.23 94 6.9 44.5
   20 20 11937 0.263 99 7.3 46.3
   21 21 12019 0.281 97 6.6 35.1
   22 22 10358 0.216 97 7.1 45.3
   23 23 11967 0.217 100 7.4 49.1
   24 24 10391 0.232 124 7 16.1
