
                               #ME1_3 number 71.

#02-DEC-2014 , 22:15:00 (Geneva time)

   #N AFEB pos. AFEB num. Int.cap.(pF) U(mv)20fc Gain Offset
   1 1 6692 0.244 55 6.9 83.3
   2 2 6828 0.243 67 6.9 72.1
   3 3 6721 0.238 94 6.9 43.5
   4 4 6701 0.2 80 7.2 64.8
   5 5 6767 0.253 89 6.9 49.1
   6 6 6677 0.227 63 6.8 72
   7 7 6544 0.239 97 6.8 38.5
   8 8 4749 0.234 79 7.2 66
   9 9 4978 0.246 90 6.9 47.6
   10 10 6698 0.239 81 7.2 62
   11 11 6624 0.247 63 6.6 69.5
   12 12 4951 0.245 88 6.4 39
