
                             #ME234_2 number 245.

#02-DEC-2014 , 22:39:20 (Geneva time)

   #N AFEB pos. AFEB num. Int.cap.(pF) U(mv)20fc Gain Offset
   1 1 12080554 0.2115 79.55 7.09 62.27
   2 2 9257 0.222 88 6.8 48.8
   3 3 12080112 0.2173 84.87 7.29 61
   4 4 12080318 0.22 54.65 7.02 85.77
   5 5 12080077 0.2195 113.59 6.99 26.23
   6 6 12080611 0.2103 96.69 7.08 45
   7 7 12080125 0.2177 93.89 6.62 38.5
   8 8 12080213 0.1928 119.78 7.15 23.31
   9 9 12080249 0.2552 60.04 7.11 82.16
   10 10 12080030 0.2422 84.81 6.95 54.11
   11 11 12080103 0.2274 123.16 7.39 24.59
   12 12 12080111 0.2204 104.66 6.7 29.38
   13 13 12080296 0.2261 75.08 6.68 58.53
   14 14 12080574 0.239 100.41 6.9 37.54
   15 15 12080226 0.2027 96.83 6.99 43.01
   16 16 12080606 0.2194 59.08 7.19 84.62
   17 17 12080404 0.2216 56.45 7.1 85.63
   18 18 12080594 0.2308 90.19 7.34 56.6
   19 19 12080261 0.2062 98.57 6.66 34.57
   20 20 12080306 0.2332 73.32 6.85 63.58
   21 21 12080739 0.2228 73.83 6.94 64.88
   22 22 12080273 0.2153 93.88 6.61 38.4
   23 23 1886 0.226 67 7 73.6
   24 24 12080431 0.2266 59.96 6.96 79.16
