
                              #ME234_2 number 86.

#02-DEC-2014 , 22:15:21 (Geneva time)

   #N AFEB pos. AFEB num. Int.cap.(pF) U(mv)20fc Gain Offset
   1 1 4001 0.233 78 6.6 54.6
   2 2 8329 0.244 82 6.8 54.8
   3 3 7647 0.23 87 7.2 57.2
   4 4 7757 0.247 90 6.8 45.2
   5 5 4120 0.229 80 7.2 63.6
   6 6 9553 0.241 70 6.6 61
   7 7 3399 0.218 73 6.4 56.5
   8 8 8398 0.218 75 6.9 62.7
   9 9 9519 0.215 85 7.1 56.3
   10 10 3869 0.214 102 7.1 40.2
   11 11 3405 0.234 86 6.5 43.5
   12 12 8380 0.236 73 6.8 63.9
   13 13 7874 0.242 50 6 70.3
   14 14 7821 0.23 62 6.3 63.9
   15 15 7703 0.253 83 7.4 64.8
   16 16 9572 0.255 75 7 65.6
   17 17 7736 0.231 71 7.2 72.1
   18 18 7657 0.214 96 7 44.2
   19 19 9637 0.24 49 6.7 84.9
   20 20 7879 0.218 60 6.5 69.8
   21 21 3322 0.244 87 6.9 51
   22 22 7715 0.201 60 7 79.4
   23 23 7639 0.262 79 6.6 53.3
   24 24 7719 0.216 114 7 25.7
