
                               #ME4_1 number 17.

#02-DEC-2014 , 22:15:40 (Geneva time)

   #N AFEB pos. AFEB num. Int.cap.(pF) U(mv)20fc Gain Offset
   1 1 11638 0.228 112 7.1 29.6
   2 2 11609 0.229 99 6.9 39.3
   3 3 11660 0.237 102 6.9 34.9
   4 4 10680 0.215 97 7 43.6
   5 5 11740 0.223 117 6.9 20.3
   6 6 11462 0.263 107 7.2 37
   7 7 11463 0.228 92 6.9 45.6
   8 8 11486 0.248 99 6.8 38
   9 9 11753 0.239 100 7.3 45.8
   10 10 11498 0.258 101 6.6 31.4
   11 11 10688 0.244 128 7.3 18.1
   12 12 11695 0.24 120 6.7 14.8
   13 13 10673 0.242 125 6.7 8.7
   14 14 11515 0.232 97 6.9 41.3
   15 15 11531 0.233 104 6.7 29.9
   16 16 11657 0.231 97 7.1 44.8
   17 17 10671 0.236 103 7 37.1
   18 18 11494 0.254 106 7.4 42.4
   19 19 11543 0.252 94 6.6 37
   20 20 10750 0.249 111 6.6 21.7
   21 21 11720 0.248 109 6.8 25.7
   22 22 11634 0.224 102 7 36.9
   23 23 11523 0.233 98 7 41.5
   24 24 11746 0.247 94 7 46.6
   25 25 11472 0.257 123 6.4 4.9
   26 26 11533 0.224 136 7.3 10.2
   27 27 10684 0.244 96 7.5 53.1
   28 28 11637 0.216 103 6.9 35.3
   29 29 11519 0.231 100 6.9 38.7
   30 30 12108 0.232 105 7 35.1
   31 31 11643 0.241 97 6.9 40.1
   32 32 11733 0.235 96 7.3 50.6
   33 33 11635 0.217 106 6.6 26.5
   34 34 11738 0.247 86 7.5 64.6
   35 35 11654 0.254 100 6.8 37.3
   36 36 11466 0.245 135 6.8 1.6
