
                             #ME234_2 number 236.

#02-DEC-2014 , 22:39:18 (Geneva time)

   #N AFEB pos. AFEB num. Int.cap.(pF) U(mv)20fc Gain Offset
   1 1 12080517 0.2182 118.67 7.06 22.59
   2 2 12080281 0.2262 78.12 6.79 57.75
   3 3 12080692 0.224 74.43 7.17 69.03
   4 4 12080526 0.2118 66.8 7.06 74.48
   5 5 12080470 0.215 91.58 7.5 58.52
   6 6 12080563 0.2569 60.67 6.56 70.54
   7 7 12080538 0.1999 101.73 7.03 38.87
   8 8 12080749 0.2064 99.75 7.02 40.58
   9 9 12080028 0.2194 96.41 6.96 42.76
   10 10 12080645 0.2261 85.15 7.15 57.93
   11 11 12080610 0.2019 124.11 7.01 16.17
   12 12 12080152 0.214 76.71 7.13 65.94
   13 13 12080536 0.2069 96.83 7.01 43.29
   14 14 12080637 0.2214 59.05 6.79 76.8
   15 15 12080522 0.2233 101.58 7.63 51.06
   16 16 12080523 0.2085 80.15 6.95 58.82
   17 17 12080364 0.2217 97.47 7.01 42.63
   18 18 12080162 0.2131 99.77 7.5 50.16
   19 19 12080063 0.2169 94.25 6.96 44.99
   20 20 12080666 0.2362 57.4 7.01 82.81
   21 21 12080185 0.2517 112.11 7.24 32.65
   22 22 12080274 0.2305 104.45 6.55 26.51
   23 23 12080609 0.2159 83.61 7.12 58.7
   24 24 12080122 0.2199 71.13 6.94 67.66
