
                               #ME2_1 number 33.

#02-DEC-2014 , 22:15:07 (Geneva time)

   #N AFEB pos. AFEB num. Int.cap.(pF) U(mv)20fc Gain Offset
   1 1 10252 0.228 117 7.2 26.2
   2 2 635 0.252 106 6.4 22.2
   3 3 189 0.242 98 7.2 45.3
   4 4 9224 0.228 107 7.2 35.7
   5 5 8621 0.222 94 7.3 52.4
   6 6 8876 0.252 105 5.9 13.9
   7 7 3944 0.223 93 6.9 44.5
   8 8 9015 0.247 98 6.5 31
   9 9 9214 0.216 94 6.2 30.2
   10 10 5097 0.232 93 7.1 48.2
   11 11 8869 0.224 82 6.8 53.4
   12 12 8332 0.217 112 6.8 25.3
   13 13 529 0.256 98 6.3 29.3
   14 14 4227 0.212 98 7.3 49
   15 15 3342 0.245 110 6.3 17.3
   16 16 6201 0.222 80 6.6 52.1
   17 17 11176 0.227 113 6.8 23.5
   18 18 2827 0.229 101 6.3 25.4
   19 19 378 0.221 98 7.6 53.7
   20 20 2525 0.226 100 6.5 30.2
   21 21 5806 0.218 97 7.1 43.9
   22 22 8610 0.228 80 6.7 52.7
   23 23 1010 0.244 103 7.3 43.2
   24 24 9896 0.25 103 7 36.7
   25 25 4936 0.254 111 6.2 13.1
   26 26 571 0.208 99 7 41.6
   27 27 6472 0.215 101 6.4 26.9
   28 28 9671 0.236 82 6.9 55.8
   29 29 6477 0.242 87 6.2 37.7
   30 30 4140 0.248 98 6.3 29
   31 31 9061 0.247 93 7 47.4
   32 32 908 0.216 124 6.7 8.7
   33 33 1834 0.293 107 6.3 19.2
   34 34 6549 0.229 92 6.4 36.9
   35 35 9682 0.214 107 7.5 41.8
   36 36 9111 0.232 102 6.7 30.8
   37 37 9079 0.242 82 6.7 51.1
   38 38 9070 0.261 87 7.1 55
   39 39 9701 0.247 104 6.4 23.9
   40 40 8296 0.226 95 7 44.4
   41 41 2225 0.265 103 6.5 26.3
   42 42 5042 0.228 104 7.3 42.3
