
                              #ME234_2 number 46.

#02-DEC-2014 , 22:15:15 (Geneva time)

   #N AFEB pos. AFEB num. Int.cap.(pF) U(mv)20fc Gain Offset
   1 1 305 0.23 60 6.9 77.5
   2 2 3336 0.248 90 6.1 31.8
   3 3 3075 0.245 91 6.7 41.7
   4 4 1605 0.239 108 7.3 39.2
   5 5 294 0.282 96 6.4 32.4
   6 6 3377 0.232 73 7.3 72.6
   7 7 3366 0.248 114 7.1 28.5
   8 8 2894 0.216 111 7.3 34.6
   9 9 3228 0.246 84 7 55.6
   10 10 1406 0.228 104 7.1 38.8
   11 11 1374 0.236 97 7.1 45.4
   12 12 3362 0.248 79 6.8 58.4
   13 13 1299 0.221 104 7 35.3
   14 14 3183 0.242 64 6.7 69
   15 15 3323 0.218 78 6.8 58.7
   16 16 1378 0.235 102 6.7 31.7
   17 17 1826 0.255 83 6.6 48.2
   18 18 366 0.291 75 6.7 58.8
   19 19 3352 0.233 63 7 77.3
   20 20 587 0.274 102 6.6 30.3
   21 21 650 0.255 130 6.9 8.2
   22 22 2371 0.222 90 7.2 53.8
   23 23 3096 0.231 80 7 60.6
   24 24 2925 0.215 90 6.9 48.4
