
                               #ME2_1 number 9.

#02-DEC-2014 , 22:15:02 (Geneva time)

   #N AFEB pos. AFEB num. Int.cap.(pF) U(mv)20fc Gain Offset
   1 1 7407 0.256 86 7 53.5
   2 2 2632 0.244 88 6.7 46.5
   3 3 1960 0.229 97 7.1 43.8
   4 4 2684 0.24 70 6.8 66.9
   5 5 7283 0.238 57 7 83.1
   6 6 2247 0.242 99 6.8 36
   7 7 7282 0.222 51 6.5 79.2
   8 8 7588 0.256 45 6.1 77
   9 9 2596 0.23 85 7 54.8
   10 10 2599 0.259 98 6.9 40.7
   11 11 2692 0.233 76 6.8 60.6
   12 12 8911 0.251 113 7.1 29.4
   13 13 2685 0.254 56 6.6 75.8
   14 14 1941 0.233 92 6.9 45.7
   15 15 2626 0.233 102 7 38
   16 16 2253 0.221 110 6.9 27.6
   17 17 7596 0.232 72 7.2 72.4
   18 18 7285 0.24 65 7.1 76
   19 19 2637 0.245 97 6.9 40.7
   20 20 2691 0.25 126 6.9 12.6
   21 21 2673 0.25 81 7.1 62
   22 22 8868 0.219 103 7.7 51.2
   23 23 2687 0.23 90 7 49.7
   24 24 2709 0.278 58 7.2 86.7
   25 25 1878 0.21 65 7.4 82.6
   26 26 2610 0.252 94 6.8 42.4
   27 27 7337 0.225 84 7.1 58.1
   28 28 2670 0.231 83 6.9 54.7
   29 29 7209 0.215 47 7 92.3
   30 30 1940 0.215 88 6.7 46.3
   31 31 1954 0.223 76 6.8 60.5
   32 32 1946 0.223 74 7.2 70.6
   33 33 7348 0.239 95 6.8 41.6
   34 34 7400 0.254 86 6.7 47.5
   35 35 7403 0.246 91 6.7 43.4
   36 36 8924 0.25 74 6.1 47.2
   37 37 2652 0.247 106 7 33.2
   38 38 1892 0.227 95 7.6 57
   39 39 2655 0.231 104 7 35.9
   40 40 8990 0.226 86 7.4 62.5
   41 41 7245 0.25 75 6.2 49.1
   42 42 8995 0.236 69 6.7 64.8
