
                             #ME234_2 number 267.

#02-DEC-2014 , 22:39:17 (Geneva time)

   #N AFEB pos. AFEB num. Int.cap.(pF) U(mv)20fc Gain Offset
   1 1 11161 0.246 68 6.9 70.6
   2 2 11722 0.244 106 6.4 22.2
   3 3 4724 0.243 57 7 81.8
   4 4 10248 0.233 111 6.6 21.1
   5 5 2214 0.233 113 6.9 24.9
   6 6 8001 0.228 94 7.2 51
   7 7 1056 0.249 103 7 37.4
   8 8 2175 0.237 106 6.8 29.7
   9 9 2931 0.255 74 6.5 56.8
   10 10 900 0.293 72 6.5 59.2
   11 11 304 0.275 76 7 64.5
   12 12 881 0.273 80 6.7 53.5
   13 13 318 0.236 105 6.9 32.2
   14 14 10234 0.221 105 7 34.3
   15 15 9267 0.272 88 7 52.4
   16 16 354 0.262 129 6.9 9.5
   17 17 3112 0.231 55 6.4 73.2
   18 18 880 0.29 115 6.6 17.7
   19 19 842 0.245 80 6.6 52.3
   20 20 10273 0.23 92 7.1 49.8
   21 21 7949 0.237 98 7.1 44.7
   22 22 4613 0.241 84 7.3 62.4
   23 23 4088 0.234 77 6.7 58.2
   24 24 2751 0.244 123 7 16.8
