
                             #ME234_2 number 270.

#02-DEC-2014 , 22:39:19 (Geneva time)

   #N AFEB pos. AFEB num. Int.cap.(pF) U(mv)20fc Gain Offset
   1 1 202 0.248 102 6.9 35.9
   2 2 10320 0.228 104 6.9 34
   3 3 2224 0.212 76 6.8 60.9
   4 4 7343 0.23 123 7 18.3
   5 5 10335 0.235 115 6.5 15.3
   6 6 652 0.253 120 7 18.9
   7 7 86 0.264 70 6.6 62.4
   8 8 5927 0.232 82 7.4 66.9
   9 9 347 0.288 118 6.6 13.6
   10 10 351 0.278 107 6.5 23.8
   11 11 346 0.24 116 7 23.3
   12 12 11823 0.26 98 6.6 34.3
   13 13 592 0.305 50 6.8 86.4
   14 14 10309 0.244 102 6.7 32.2
   15 15 344 0.227 131 6.7 1.7
   16 16 1877 0.266 99 7 42.2
   17 17 10311 0.225 92 7.1 49.9
   18 18 327 0.278 101 6.6 31.3
   19 19 5446 0.233 76 6.8 60.4
   20 20 316 0.257 96 6.9 41.8
   21 21 368 0.244 83 7.1 59.7
   22 22 360 0.233 108 6.9 30.5
   23 23 10315 0.234 113 6.6 19.9
   24 24 7360 0.247 81 7 59
