
                             #ME234_2 number 249.

#02-DEC-2014 , 22:39:14 (Geneva time)

   #N AFEB pos. AFEB num. Int.cap.(pF) U(mv)20fc Gain Offset
   1 1 12080327 0.2264 72.85 7.09 68.93
   2 2 12080734 0.2347 86.9 7.64 65.82
   3 3 12080051 0.2073 85.43 7.05 55.51
   4 4 12080413 0.2317 68.62 7.31 77.56
   5 5 12080080 0.1997 95.22 6.77 40.16
   6 6 12080604 0.1933 96.53 7.21 47.64
   7 7 12080620 0.2168 78.11 7 61.8
   8 8 12080460 0.2095 73.79 7.06 67.35
   9 9 12080350 0.2456 94.88 6.57 36.48
   10 10 12080166 0.2361 104.87 6.47 24.61
   11 11 12080104 0.2057 91.08 6.73 43.53
   12 12 12080714 0.2268 91.33 7.02 49.11
   13 13 12080740 0.1983 112.42 6.96 26.7
   14 14 12080167 0.2261 100.76 7.56 50.47
   15 15 12080486 0.2176 80.94 7.09 60.83
   16 16 12080646 0.2437 50.8 6.65 82.17
   17 17 12080540 0.2039 90.74 7.07 50.61
   18 18 12080302 0.2251 81.23 7.31 64.97
   19 19 12080426 0.242 67.98 6.55 63.12
   20 20 12080377 0.226 88.97 7.38 58.64
   21 21 12080664 0.2132 67.57 7.14 75.19
   22 22 12080600 0.1987 90.09 6.81 46.05
   23 23 12080326 0.2213 88.61 7.01 51.6
   24 24 12080419 0.2395 72.31 6.67 61.06
