
                               #ME1_2 number 45.

#02-DEC-2014 , 22:14:48 (Geneva time)

   #N AFEB pos. AFEB num. Int.cap.(pF) U(mv)20fc Gain Offset
   1 1 4781 0.228 75 6.6 56.5
   2 2 4908 0.25 57 6.7 76
   3 3 4788 0.21 84 7.2 58.9
   4 4 4755 0.224 88 7 51.5
   5 5 4777 0.236 80 7.5 69.5
   6 6 6605 0.223 99 6.3 27.5
   7 7 5784 0.247 55 6.7 78.7
   8 8 5586 0.244 72 7 67.5
   9 9 5539 0.247 67 7 72.5
   10 10 7308 0.23 84 7.1 57.6
   11 11 5609 0.247 75 6 44.3
   12 12 7404 0.233 87 6.7 46.7
   13 13 4268 0.266 86 6.6 46.6
   14 14 5783 0.216 83 6.8 53.5
   15 15 4245 0.245 88 7.1 53.8
   16 16 5605 0.246 68 6.7 66.5
   17 17 5579 0.235 85 6.9 52
   18 18 8139 0.218 84 7.1 57.2
   19 19 5602 0.229 69 7.1 72.5
   20 20 5715 0.213 82 7.2 61.5
   21 21 9348 0.207 70 7.2 73.5
   22 22 5732 0.21 80 7.1 60.7
   23 23 5589 0.216 57 6.6 74.9
   24 24 7732 0.221 89 7.2 56.4
