
                               #ME1_3 number 18.

#02-DEC-2014 , 22:14:54 (Geneva time)

   #N AFEB pos. AFEB num. Int.cap.(pF) U(mv)20fc Gain Offset
   1 1 6319 0.246 91 6.9 47.4
   2 2 6412 0.248 93 6.3 33.7
   3 3 6206 0.211 107 7.2 36.4
   4 4 6385 0.247 63 6.3 63.7
   5 5 6259 0.245 52 6.1 69.5
   6 6 6174 0.228 75 7.1 65.9
   7 7 6223 0.239 88 6.1 35.1
   8 8 6343 0.218 56 7.4 92.3
   9 9 6296 0.225 89 7 51.7
   10 10 6836 0.249 84 6.8 52.4
   11 11 6407 0.244 55 6.8 81.9
   12 12 6256 0.236 50 6.2 74.6
