
                             #ME234_2 number 115.

#02-DEC-2014 , 22:15:25 (Geneva time)

   #N AFEB pos. AFEB num. Int.cap.(pF) U(mv)20fc Gain Offset
   1 1 11116 0.235 111 7 28.8
   2 2 11592 0.247 122 7.6 28.8
   3 3 11698 0.242 95 7.4 53
   4 4 11772 0.207 102 7.4 45.4
   5 5 11561 0.237 101 6.3 25.1
   6 6 11565 0.223 121 7.1 20.9
   7 7 11616 0.231 97 6.5 33.3
   8 8 11710 0.229 106 6.7 28.7
   9 9 11641 0.222 95 6.9 43.7
   10 10 11672 0.217 89 6.8 47.5
   11 11 11553 0.21 93 7 46.3
   12 12 11670 0.247 114 6.6 18
   13 13 11627 0.241 94 6.8 42.9
   14 14 11582 0.22 109 7.2 34.2
   15 15 11127 0.248 118 6.8 18
   16 16 11122 0.23 97 7.3 48.4
   17 17 11573 0.225 98 7.1 43.6
   18 18 11656 0.24 104 6.8 31.1
   19 19 11564 0.225 93 7.7 59.6
   20 20 11681 0.258 111 6.6 21.2
   21 21 11688 0.206 115 7.3 31.9
   22 22 11697 0.288 98 6.9 39.4
   23 23 11414 0.243 51 6.9 88
   24 24 11649 0.24 88 7.4 60.7
