
                               #ME1_3 number 55.

#02-DEC-2014 , 22:14:58 (Geneva time)

   #N AFEB pos. AFEB num. Int.cap.(pF) U(mv)20fc Gain Offset
   1 1 6457 0.201 67 6.9 71.4
   2 2 6683 0.217 76 7 64.5
   3 3 6556 0.227 83 7 56.9
   4 4 6416 0.235 76 6.9 60.9
   5 5 6427 0.255 64 7.2 80.6
   6 6 6423 0.262 71 7.4 77
   7 7 6352 0.242 77 6.7 57
   8 8 6535 0.256 83 6.8 51.8
   9 9 6451 0.245 56 7 85.2
   10 10 6312 0.225 74 6.9 64.6
   11 11 6440 0.241 80 7.1 61.5
   12 12 6498 0.238 91 7.2 53.8
