
                             #ME234_2 number 257.

#02-DEC-2014 , 22:39:14 (Geneva time)

   #N AFEB pos. AFEB num. Int.cap.(pF) U(mv)20fc Gain Offset
   1 1 12080276 0.2327 105.69 6.99 34.2
   2 2 12080703 0.2197 85.21 6.81 51.01
   3 3 12080310 0.2516 80.55 6.91 57.7
   4 4 12080408 0.2523 97.82 6.95 41.28
   5 5 12080307 0.2453 59.73 6.74 75.09
   6 6 12080511 0.2282 93 6.89 44.75
   7 7 12080700 0.212 75.83 6.93 62.79
   8 8 12080621 0.2017 106.58 6.86 30.54
   9 9 12080416 0.2092 103.36 6.96 35.9
   10 10 12080528 0.2103 75.03 7.02 65.32
   11 11 12080373 0.2281 124.37 6.56 6.77
   12 12 12080270 0.2636 95.18 7.13 47.45
   13 13 12080332 0.222 99.05 6.72 35.28
   14 14 12080652 0.2272 81.9 6.46 47.23
   15 15 12080605 0.2456 67.91 6.85 69.04
   16 16 12080531 0.2575 93.36 6.97 46.06
   17 17 12080403 0.2402 108.18 6.68 25.37
   18 18 12080175 0.2516 77.53 6.88 60.04
   19 19 12080709 0.2343 119.61 7.38 27.96
   20 20 12080275 0.2279 93.48 7.04 47.39
   21 21 12080046 0.2397 125.31 6.62 7.06
   22 22 12080280 0.2815 99.99 6.77 35.48
   23 23 12080216 0.212 89.17 6.98 50.51
   24 24 12080397 0.2113 103.11 7.14 39.69
