
                             #ME234_2 number 104.

#02-DEC-2014 , 22:15:24 (Geneva time)

   #N AFEB pos. AFEB num. Int.cap.(pF) U(mv)20fc Gain Offset
   1 1 8806 0.236 107 7 32.1
   2 2 8589 0.236 65 7.1 76
   3 3 8470 0.219 81 6.7 53.4
   4 4 8576 0.235 82 7.1 59.7
   5 5 8660 0.25 67 6.8 68.4
   6 6 8505 0.238 60 6.9 79.1
   7 7 4030 0.247 69 6.8 65.8
   8 8 3951 0.243 96 6.9 41.9
   9 9 3962 0.212 106 7.1 36.3
   10 10 8821 0.231 84 6.8 51.4
   11 11 8549 0.254 80 6.8 55.5
   12 12 8992 0.234 89 7.1 52.9
   13 13 8546 0.23 57 6.4 71.6
   14 14 8828 0.247 73 6.8 62.3
   15 15 8914 0.246 77 7.1 65.5
   16 16 8903 0.242 70 6.4 58.5
   17 17 8824 0.243 83 6.7 51.4
   18 18 8089 0.234 67 6.9 71.5
   19 19 4002 0.224 69 7 71.3
   20 20 8979 0.238 63 7.2 81.8
   21 21 3866 0.22 68 7 71.3
   22 22 3868 0.217 54 6.9 83.4
   23 23 8822 0.222 84 7 56.4
   24 24 8845 0.238 52 6.6 81.1
