
                              #ME234_2 number 37.

#02-DEC-2014 , 22:15:13 (Geneva time)

   #N AFEB pos. AFEB num. Int.cap.(pF) U(mv)20fc Gain Offset
   1 1 526 0.255 107 7 33.2
   2 2 618 0.231 111 7.1 31.4
   3 3 510 0.255 102 7.3 43.6
   4 4 2772 0.245 80 7.1 61.5
   5 5 1138 0.24 54 7 85.6
   6 6 2334 0.224 101 7 38.4
   7 7 1707 0.24 52 6.2 71.5
   8 8 244 0.283 73 6.7 60.5
   9 9 2577 0.224 96 7.4 52.1
   10 10 1166 0.248 75 6.9 63
   11 11 2402 0.206 80 6.9 59.1
   12 12 226 0.237 89 6.8 47
   13 13 3460 0.239 107 7.2 36.9
   14 14 1544 0.248 89 7.2 54.5
   15 15 2573 0.221 80 6.3 46.4
   16 16 3564 0.238 82 7.1 59.4
   17 17 732 0.232 86 6.9 51.1
   18 18 2540 0.244 76 6.8 61.2
   19 19 689 0.234 142 7.2 1.6
   20 20 1187 0.238 69 7.2 75.1
   21 21 2462 0.235 80 6.8 56.5
   22 22 182 0.246 139 7 1
   23 23 2614 0.267 92 7.1 48.7
   24 24 2536 0.245 86 7.2 58.1
