
                               #ME4_1 number 31.

#02-DEC-2014 , 22:15:43 (Geneva time)

   #N AFEB pos. AFEB num. Int.cap.(pF) U(mv)20fc Gain Offset
   1 1 10828 0.224 90 7.2 54.4
   2 2 10881 0.227 96 7.2 48.6
   3 3 10827 0.242 95 6.8 42
   4 4 10939 0.22 101 7.3 45.3
   5 5 11021 0.229 112 7.3 33.3
   6 6 11031 0.223 108 7.1 34.9
   7 7 10830 0.212 108 6.6 25.1
   8 8 10816 0.224 111 6.8 26.2
   9 9 10818 0.228 108 7.3 37.5
   10 10 10799 0.209 136 7.4 12.4
   11 11 10870 0.236 106 7.2 37.9
   12 12 10731 0.233 94 7.3 52.3
   13 13 10449 0.223 116 7.1 26.5
   14 14 10716 0.263 111 7.1 29.8
   15 15 10855 0.219 102 7.3 44.1
   16 16 10869 0.202 93 7.2 50
   17 17 10856 0.203 106 6.9 32.6
   18 18 10860 0.217 98 7 42
   19 19 10725 0.234 119 6.9 19.7
   20 20 10845 0.244 66 6.6 65.4
   21 21 10732 0.244 106 6.5 22.9
   22 22 11003 0.215 113 7.4 35.5
   23 23 11036 0.235 115 6.8 21.5
   24 24 10929 0.218 78 6.7 56.1
   25 25 11050 0.268 113 6.9 25.2
   26 26 10579 0.234 108 7.4 40.3
   27 27 10723 0.23 110 6.9 28.7
   28 28 10953 0.232 104 6.8 32.8
   29 29 11002 0.226 107 6.8 29.1
   30 30 10909 0.219 66 7.1 75.7
   31 31 10963 0.217 93 7 47
   32 32 10981 0.213 111 7.2 33.5
   33 33 10804 0.249 101 7.2 42.4
   34 34 10472 0.226 98 6.9 39.1
   35 35 10835 0.226 118 6.9 20.2
   36 36 10992 0.229 105 7.3 42.1
