
                               #ME1_2 number 49.

#02-DEC-2014 , 22:14:48 (Geneva time)

   #N AFEB pos. AFEB num. Int.cap.(pF) U(mv)20fc Gain Offset
   1 1 6607 0.242 96 6.7 38.8
   2 2 9322 0.232 62 6.2 62.9
   3 3 4931 0.233 91 6.2 33.3
   4 4 4780 0.232 86 7 52.7
   5 5 9198 0.247 81 6.9 57.5
   6 6 8123 0.25 88 6.8 48
   7 7 7205 0.232 53 6.2 71.6
   8 8 4555 0.242 74 6.7 60.2
   9 9 3758 0.207 77 7 63.4
   10 10 2080 0.235 68 7.2 76
   11 11 7202 0.233 94 6.8 41.4
   12 12 7316 0.215 86 6.4 42
   13 13 7208 0.227 66 6.6 65.3
   14 14 7354 0.217 88 6.7 45.7
   15 15 3740 0.205 92 7.1 49.5
   16 16 3939 0.246 52 7.1 89.8
   17 17 3891 0.262 78 6.7 54.9
   18 18 7330 0.203 64 7.1 77.4
   19 19 3716 0.216 76 6.9 62.8
   20 20 4696 0.254 83 6.7 50.1
   21 21 7183 0.219 84 6.9 55
   22 22 2165 0.235 91 7.2 53.7
   23 23 3763 0.239 75 6.7 59.6
   24 24 3964 0.231 74 7.2 71
