
                               #ME1_2 number 8.

#02-DEC-2014 , 22:14:43 (Geneva time)

   #N AFEB pos. AFEB num. Int.cap.(pF) U(mv)20fc Gain Offset
   1 1 4758 0.272 71 7.2 74
   2 2 4810 0.227 68 7.3 78.4
   3 3 4893 0.239 92 7.2 52.7
   4 4 4816 0.211 84 7.4 63.4
   5 5 4892 0.216 75 7 65.3
   6 6 4873 0.226 77 7.5 73
   7 7 6908 0.235 77 6.8 58.4
   8 8 5850 0.213 105 7.2 38.2
   9 9 6928 0.235 82 6.9 56.7
   10 10 5838 0.223 93 7.3 53
   11 11 6787 0.215 53 6.8 82.9
   12 12 5928 0.231 56 6.5 72.9
   13 13 6940 0.246 99 7.1 42.4
   14 14 6909 0.249 93 7.2 51
   15 15 5068 0.279 88 6.1 33.4
   16 16 6633 0.231 82 6.9 56.2
   17 17 6273 0.248 49 7.1 93.5
   18 18 6889 0.234 65 6.9 73.1
   19 19 6373 0.216 78 6.7 56.1
   20 20 5930 0.228 65 6.9 72.1
   21 21 5078 0.254 75 5.9 42.6
   22 22 5062 0.229 75 6.6 55.8
   23 23 5844 0.231 75 7 65.8
   24 24 6660 0.234 71 7.2 73.5
