
                              #ME234_2 number 34.

#02-DEC-2014 , 22:15:13 (Geneva time)

   #N AFEB pos. AFEB num. Int.cap.(pF) U(mv)20fc Gain Offset
   1 1 886 0.285 109 6.7 24.5
   2 2 1217 0.231 88 7.1 52.9
   3 3 1012 0.236 109 7 29.8
   4 4 553 0.261 109 7 30.5
   5 5 1062 0.231 131 7.1 11
   6 6 444 0.238 106 7.3 40.3
   7 7 786 0.282 122 6.8 14.1
   8 8 115 0.237 103 7 37.5
   9 9 537 0.256 98 6.9 40.5
   10 10 844 0.239 120 6.8 16.4
   11 11 1018 0.228 103 7.2 41.3
   12 12 714 0.243 104 6.7 30
   13 13 105 0.256 109 6.9 29.3
   14 14 464 0.261 117 7.1 25.1
   15 15 513 0.261 97 6.8 39.5
   16 16 1042 0.238 119 7.1 22.6
   17 17 178 0.279 92 6.8 44.2
   18 18 627 0.25 109 7 30
   19 19 1039 0.258 123 6.9 14.3
   20 20 1005 0.253 105 7 35.3
   21 21 1046 0.259 80 7.2 63.7
   22 22 839 0.244 137 7.1 4.4
   23 23 2321 0.237 97 7.2 47.1
   24 24 1071 0.249 122 7.5 27.8
