
                             #ME234_2 number 107.

#02-DEC-2014 , 22:15:24 (Geneva time)

   #N AFEB pos. AFEB num. Int.cap.(pF) U(mv)20fc Gain Offset
   1 1 8457 0.247 90 6.7 44
   2 2 7702 0.251 113 6.9 24.8
   3 3 9529 0.235 68 6.6 63.7
   4 4 7648 0.235 71 7 69.6
   5 5 7691 0.247 76 6.6 56.7
   6 6 7716 0.224 78 7.3 68.7
   7 7 7749 0.275 84 7.5 65.3
   8 8 9624 0.245 104 6.7 30
   9 9 9640 0.242 75 7.2 67.8
   10 10 9655 0.242 66 6.1 56.3
   11 11 9408 0.25 58 6.2 65.5
   12 12 3137 0.234 59 6.9 79.5
   13 13 9586 0.248 111 7.2 33.9
   14 14 9649 0.24 54 6.8 82.4
   15 15 9509 0.243 95 6.6 37.1
   16 16 9605 0.24 85 6.2 39.7
   17 17 9537 0.231 74 6.8 61.6
   18 18 9606 0.235 98 6.9 39.5
   19 19 9634 0.247 60 6.5 70.1
   20 20 9548 0.269 67 7.2 77.7
   21 21 9451 0.235 91 6.8 45.5
   22 22 9489 0.235 92 6.6 39.8
   23 23 9607 0.228 85 6.5 44.4
   24 24 9560 0.241 68 6.4 60.1
