
                             #ME234_2 number 126.

#02-DEC-2014 , 22:15:27 (Geneva time)

   #N AFEB pos. AFEB num. Int.cap.(pF) U(mv)20fc Gain Offset
   1 1 8340 0.253 78 6.8 57.9
   2 2 4493 0.242 67 6.9 70.3
   3 3 4449 0.253 75 6.5 55.1
   4 4 9308 0.231 116 6.9 21.6
   5 5 9536 0.246 65 6.5 64.6
   6 6 4490 0.24 90 6.6 41.6
   7 7 5185 0.222 69 7.6 82.2
   8 8 5265 0.217 77 6.9 61.5
   9 9 9503 0.231 56 6.4 73
   10 10 5280 0.242 74 6.9 63.7
   11 11 4216 0.238 64 6.7 69.5
   12 12 4256 0.221 79 6.9 58.9
   13 13 5158 0.247 64 6.9 73.3
   14 14 5385 0.218 113 6.9 26.2
   15 15 4218 0.206 94 7.2 50.4
   16 16 4457 0.236 91 7.2 53.5
   17 17 4203 0.244 55 6.8 80.1
   18 18 5235 0.241 102 7.2 41.2
   19 19 4511 0.252 74 7.3 72.8
   20 20 5198 0.233 65 7 74.6
   21 21 4423 0.226 77 6.9 61.2
   22 22 4400 0.236 85 7.3 61.2
   23 23 5215 0.237 61 7.1 79.7
   24 24 9524 0.249 92 6.8 42.9
