
                              #ME234_2 number 24.

#02-DEC-2014 , 22:15:12 (Geneva time)

   #N AFEB pos. AFEB num. Int.cap.(pF) U(mv)20fc Gain Offset
   1 1 484 0.251 120 7.5 30.2
   2 2 715 0.255 110 7.2 33
   3 3 1429 0.205 117 7.1 23.7
   4 4 1755 0.252 107 6.6 24.5
   5 5 710 0.251 104 6.9 33.5
   6 6 1082 0.243 87 6.9 50.7
   7 7 50 0.252 123 7.1 18.8
   8 8 556 0.25 90 6.9 47.7
   9 9 609 0.246 110 7.4 37.5
   10 10 1790 0.254 107 6.7 27.6
   11 11 1054 0.248 122 6.6 9
   12 12 1735 0.232 108 7.2 35.1
   13 13 522 0.249 125 7.1 16.6
   14 14 574 0.247 107 7.2 37.8
   15 15 620 0.252 127 6.9 11.2
   16 16 1616 0.229 116 7.1 25
   17 17 542 0.251 133 7.4 14.6
   18 18 1747 0.237 120 7.1 22.4
   19 19 1006 0.241 124 7 15.8
   20 20 544 0.261 110 6.9 28.1
   21 21 506 0.243 102 6.8 33.8
   22 22 697 0.261 114 6.9 25.2
   23 23 36 0.248 120 7.1 22
   24 24 1484 0.237 135 7.1 5.9
