
                              #ME234_2 number 71.

#02-DEC-2014 , 22:39:13 (Geneva time)

   #N AFEB pos. AFEB num. Int.cap.(pF) U(mv)20fc Gain Offset
   1 1 9627 0.248 76 6.8 59
   2 2 9354 0.262 70 6.5 59.2
   3 3 9580 0.251 98 6.9 39.4
   4 4 9630 0.235 93 6.9 44.3
   5 5 9528 0.256 78 6.3 48
   6 6 9491 0.242 57 7.4 92.1
   7 7 9448 0.283 96 7.2 48.4
   8 8 9597 0.246 74 6.7 60.5
   9 9 9375 0.226 84 6.2 40.5
   10 10 9410 0.251 81 6.9 57.7
   11 11 9439 0.238 71 7 69.9
   12 12 9346 0.243 52 6.9 85
   13 13 9573 0.231 77 7 62.1
   14 14 9656 0.26 66 6.5 63.4
   15 15 9534 0.247 78 6.6 54.7
   16 16 9608 0.228 77 6.4 50.6
   17 17 4446 0.221 76 7.1 66.7
   18 18 9369 0.251 67 7.4 82.3
   19 19 9447 0.244 102 7.6 49.5
   20 20 9374 0.249 72 6.1 49.4
   21 21 9357 0.273 80 6.8 56.8
   22 22 9583 0.21 59 6.3 66.2
   23 23 9490 0.243 92 6.9 46.6
   24 24 3411 0.239 93 6.9 45
