
                               #ME3_1 number 24.

#02-DEC-2014 , 22:15:35 (Geneva time)

   #N AFEB pos. AFEB num. Int.cap.(pF) U(mv)20fc Gain Offset
   1 1 332 0.232 64 6.9 74.9
   2 2 2575 0.248 98 6.6 35.3
   3 3 2496 0.22 65 7.1 75.9
   4 4 925 0.253 112 6.7 22.5
   5 5 1126 0.21 65 7 74.8
   6 6 960 0.232 90 6.9 47.2
   7 7 930 0.273 100 6.6 31.6
   8 8 2556 0.232 82 6.9 57.2
   9 9 2391 0.245 97 6.9 41.4
   10 10 2435 0.21 98 6.8 38.7
   11 11 2815 0.229 96 6.9 42.7
   12 12 2408 0.23 61 6.9 77.4
   13 13 2364 0.237 89 6.8 45.5
   14 14 953 0.242 103 6.9 34.8
   15 15 1160 0.286 87 6.9 51.7
   16 16 2636 0.234 89 6.9 48.3
   17 17 970 0.245 96 6.6 36.7
   18 18 601 0.273 89 6.6 42.6
   19 19 2431 0.245 115 6.4 13.5
   20 20 2534 0.243 102 7 37.6
   21 21 511 0.226 80 6.7 54
   22 22 1672 0.238 105 7.1 36.7
   23 23 2314 0.225 104 7.1 38.1
   24 24 2404 0.217 82 6.9 55.7
   25 25 2828 0.229 99 7.4 48.5
   26 26 2373 0.225 77 6.4 52.1
   27 27 2377 0.203 76 7.2 68
   28 28 966 0.243 78 6.6 54.7
   29 29 3462 0.211 70 7 69.4
   30 30 988 0.26 73 7 66.1
   31 31 2620 0.218 57 7.1 84.7
   32 32 2560 0.246 99 6.3 27.7
   33 33 691 0.236 79 7.1 63
   34 34 920 0.229 103 7.2 40.8
   35 35 1156 0.252 74 6.9 63.8
   36 36 3457 0.228 83 6.3 42.6
