
                               #ME3_1 number 29.

#02-DEC-2014 , 22:15:35 (Geneva time)

   #N AFEB pos. AFEB num. Int.cap.(pF) U(mv)20fc Gain Offset
   1 1 4113 0.236 84 7.1 57.9
   2 2 373 0.216 137 7 2.2
   3 3 1627 0.202 96 7.3 50.4
   4 4 11173 0.227 99 6.6 33
   5 5 3920 0.232 92 6.6 39.2
   6 6 11188 0.22 93 7.2 51.6
   7 7 2785 0.228 99 6.8 36.2
   8 8 8887 0.214 112 6.8 25
   9 9 4508 0.286 108 6.4 20.1
   10 10 8623 0.237 95 7 45.2
   11 11 9189 0.207 64 6.8 72.9
   12 12 1454 0.214 84 6.8 52.6
   13 13 9219 0.238 78 6.7 56.1
   14 14 11064 0.262 86 6.3 40.4
   15 15 4130 0.251 110 7.3 36.7
   16 16 3872 0.248 90 6.5 39.5
   17 17 5777 0.224 98 7.1 44.2
   18 18 1226 0.233 108 6.4 20.3
   19 19 4081 0.247 91 7.2 53.4
   20 20 35 0.236 117 6.9 21.5
   21 21 2786 0.241 96 6.8 40.8
   22 22 4144 0.251 124 6.8 12.8
   23 23 10081 0.248 94 7.1 47.8
   24 24 1920 0.233 101 6.4 26.5
   25 25 696 0.264 75 7.1 67.5
   26 26 7822 0.222 101 7 38.7
   27 27 3845 0.213 106 7 34.3
   28 28 5266 0.243 90 6.8 45.5
   29 29 8655 0.25 93 6.5 37
   30 30 7834 0.241 93 6.2 29.8
   31 31 4107 0.228 90 6.3 36.3
   32 32 6413 0.221 93 6.2 30
   33 33 5308 0.202 114 6.7 19.6
   34 34 1238 0.203 95 6.5 36.1
   35 35 5776 0.23 92 6.7 42.8
   36 36 7448 0.238 95 6.7 39.3
