
                              #ME234_2 number 57.

#02-DEC-2014 , 22:15:17 (Geneva time)

   #N AFEB pos. AFEB num. Int.cap.(pF) U(mv)20fc Gain Offset
   1 1 2476 0.263 70 6.9 67.7
   2 2 5972 0.232 62 6.9 76
   3 3 5562 0.231 72 7 67.2
   4 4 4034 0.241 73 7 67.8
   5 5 2355 0.206 76 7.1 66.4
   6 6 68 0.238 71 6.4 57
   7 7 5665 0.217 59 6.9 78.5
   8 8 3851 0.245 58 7.1 84.1
   9 9 2429 0.225 57 6.4 70.5
   10 10 4420 0.252 49 6.7 84.5
   11 11 2591 0.216 89 6.7 46.2
   12 12 2559 0.244 49 6.7 84.4
   13 13 8330 0.25 80 7 59.2
   14 14 4005 0.226 85 7.1 56.1
   15 15 4489 0.275 75 6.8 62.1
   16 16 4412 0.234 93 6.9 44.8
   17 17 9571 0.242 83 6.8 53.6
   18 18 8559 0.258 77 7 62.6
   19 19 9566 0.255 53 6.6 80
   20 20 3898 0.249 55 6.9 82.5
   21 21 8570 0.239 84 6.1 38.9
   22 22 4212 0.236 80 6.9 59.1
   23 23 3817 0.243 76 7.2 69
   24 24 5607 0.255 49 6.7 85.1
