
                              #ME234_2 number 87.

#02-DEC-2014 , 22:15:21 (Geneva time)

   #N AFEB pos. AFEB num. Int.cap.(pF) U(mv)20fc Gain Offset
   1 1 8467 0.248 100 7 39.3
   2 2 7769 0.216 64 6.8 71.9
   3 3 3990 0.212 69 6.8 67.5
   4 4 8399 0.216 88 7.1 52.7
   5 5 3889 0.24 55 6.7 79
   6 6 3983 0.215 77 7.2 66.5
   7 7 3886 0.225 58 7.1 83.4
   8 8 4160 0.258 78 6.9 60.8
   9 9 4020 0.221 90 6.9 48.4
   10 10 7824 0.234 85 6.4 42.7
   11 11 4063 0.229 84 6.7 49.4
   12 12 7672 0.252 90 6.8 46
   13 13 4103 0.242 81 6.8 55.4
   14 14 8418 0.232 72 6.8 63.6
   15 15 7864 0.232 70 7 70.4
   16 16 3403 0.229 72 6.2 52
   17 17 4365 0.249 80 6.7 54.1
   18 18 3972 0.209 67 7.3 79.5
   19 19 3368 0.226 55 6.2 69.1
   20 20 4139 0.239 88 6.6 43.3
   21 21 8402 0.246 68 6.6 64.9
   22 22 4134 0.243 58 6.8 77.4
   23 23 4128 0.232 88 6.9 50.2
   24 24 7705 0.216 101 7 39.1
