
                              #ME234_2 number 89.

#02-DEC-2014 , 22:15:21 (Geneva time)

   #N AFEB pos. AFEB num. Int.cap.(pF) U(mv)20fc Gain Offset
   1 1 476 0.231 121 7.1 20.5
   2 2 6042 0.214 102 6.9 36.3
   3 3 3884 0.268 93 7 46.9
   4 4 9516 0.229 88 7.3 58.2
   5 5 4479 0.223 91 7 47.8
   6 6 5560 0.231 93 6.8 42.3
   7 7 4057 0.248 98 7 43.2
   8 8 5894 0.252 94 6.8 41.6
   9 9 3907 0.244 86 7.1 55
   10 10 8383 0.237 134 7.2 10.2
   11 11 3708 0.236 114 6.4 14.2
   12 12 7635 0.222 77 6.9 60.7
   13 13 3934 0.244 90 6.6 42.2
   14 14 4282 0.214 89 6.9 48.4
   15 15 3910 0.239 89 6.9 49
   16 16 4126 0.24 78 6.8 58.3
   17 17 3973 0.245 98 6.8 39.2
   18 18 3846 0.237 87 7.1 55.6
   19 19 7796 0.241 97 6.8 38.7
   20 20 4344 0.244 68 7.2 74.8
   21 21 8450 0.24 77 7.3 70.3
   22 22 3935 0.231 57 6.6 75.7
   23 23 4189 0.245 52 7 86.7
   24 24 5650 0.249 97 6.3 27.8
