
                             #ME234_2 number 232.

#02-DEC-2014 , 22:39:18 (Geneva time)

   #N AFEB pos. AFEB num. Int.cap.(pF) U(mv)20fc Gain Offset
   1 1 12080475 0.241 106.64 7.14 36.13
   2 2 12080393 0.2283 83.66 6.47 45.81
   3 3 12080555 0.2146 71.3 7 68.66
   4 4 12080058 0.2104 86.19 7.02 54.31
   5 5 12080503 0.2146 88.81 7.27 56.68
   6 6 12080686 0.2079 90.16 7.01 50.11
   7 7 12080200 0.217 99.17 7.13 43.44
   8 8 12080211 0.2002 117.66 6.96 21.44
   9 9 12080699 0.2354 99.02 6.85 37.99
   10 10 12080084 0.2134 108.25 7.17 35.08
   11 11 12080076 0.2049 99 7.04 41.73
   12 12 12080498 0.208 58.04 6.91 80.2
   13 13 12080181 0.2064 92.85 6.93 45.82
   14 14 12080187 0.2104 111.18 6.86 25.93
   15 15 12080215 0.2482 84.59 6.49 45.12
   16 16 12080529 0.1995 125.13 6.9 12.95
   17 17 12080336 0.2257 91.42 6.96 47.73
   18 18 12080698 0.2153 75.6 7.14 67.16
   19 19 12080552 0.2464 81.8 6.52 48.7
   20 20 12080382 0.2039 94.44 6.89 43.4
   21 21 12080447 0.2212 90.25 6.92 48.11
   22 22 12080278 0.2197 92.45 7.11 49.71
   23 23 12080082 0.2613 76.96 6.44 51.81
   24 24 12080312 0.2402 51.86 7.26 93.32
