
                              #ME234_2 number 56.

#02-DEC-2014 , 22:15:16 (Geneva time)

   #N AFEB pos. AFEB num. Int.cap.(pF) U(mv)20fc Gain Offset
   1 1 3495 0.217 64 6.9 74.4
   2 2 4669 0.23 73 7 68
   3 3 4465 0.273 66 7.2 77.5
   4 4 3234 0.228 67 7.5 82.2
   5 5 1581 0.201 74 7 66.5
   6 6 8571 0.235 85 6.6 47.2
   7 7 3310 0.272 47 6.8 87.9
   8 8 3245 0.223 48 6.3 77.7
   9 9 5686 0.247 68 7.3 77.9
   10 10 3236 0.246 75 7.3 71.4
   11 11 4512 0.222 71 6.8 65.1
   12 12 4433 0.237 57 6.4 72.3
   13 13 1465 0.223 72 7.1 69.3
   14 14 3940 0.283 67 7.4 80.5
   15 15 8568 0.24 57 6.3 70
   16 16 8417 0.234 87 7.1 55.9
   17 17 4486 0.233 79 6.7 54.3
   18 18 3897 0.242 91 7.1 50.3
   19 19 8406 0.231 88 6.9 49.3
   20 20 3923 0.252 87 6.7 46.7
   21 21 5638 0.233 81 7.4 66.9
   22 22 1526 0.265 111 7.4 36.9
   23 23 3785 0.234 68 6.7 66.3
   24 24 5214 0.254 84 6.8 52.4
