
                               #ME3_1 number 16.

#02-DEC-2014 , 22:15:33 (Geneva time)

   #N AFEB pos. AFEB num. Int.cap.(pF) U(mv)20fc Gain Offset
   1 1 363 0.245 105 6.8 31.8
   2 2 7084 0.258 98 6.9 41
   3 3 8482 0.201 88 7.2 56.6
   4 4 1479 0.213 88 6.9 49.1
   5 5 1831 0.306 91 6.7 43.4
   6 6 8167 0.226 83 6.4 45.8
   7 7 7032 0.243 87 6.2 36.4
   8 8 5701 0.241 80 6.5 50.2
   9 9 8409 0.248 84 6.4 43.7
   10 10 8520 0.241 87 7.2 57.4
   11 11 4093 0.228 101 6.4 26.6
   12 12 4347 0.228 105 7.1 37.4
   13 13 399 0.237 114 6.7 19
   14 14 3993 0.221 99 6.8 37.3
   15 15 9306 0.233 96 7.2 46.6
   16 16 7934 0.238 80 7.1 62.5
   17 17 2578 0.213 109 6.7 25.6
   18 18 8656 0.242 88 6.8 48.9
   19 19 5751 0.225 95 6.1 26.8
   20 20 1536 0.213 92 6.5 37.2
   21 21 9081 0.25 86 6.7 47.2
   22 22 1322 0.223 107 6.9 30.9
   23 23 3461 0.232 74 7.1 68.4
   24 24 3995 0.24 113 7 27.4
   25 25 1578 0.217 88 6.2 35.1
   26 26 7080 0.215 95 6.9 42.9
   27 27 8764 0.213 101 6.7 32.9
   28 28 3357 0.207 125 7.2 18.5
   29 29 3960 0.24 104 6.4 24.1
   30 30 3839 0.241 89 6.4 39.4
   31 31 4201 0.28 111 6.4 18
   32 32 7768 0.222 84 6.5 45.4
   33 33 3856 0.249 74 6.9 63.8
   34 34 9087 0.235 79 7 61.4
   35 35 1170 0.214 100 7 40.3
   36 36 2324 0.201 91 7.5 59.1
