
                               #ME2_1 number 32.

#02-DEC-2014 , 22:15:07 (Geneva time)

   #N AFEB pos. AFEB num. Int.cap.(pF) U(mv)20fc Gain Offset
   1 1 7766 0.263 94 6.6 38.3
   2 2 9467 0.238 80 7.2 63.3
   3 3 7734 0.214 81 6.8 54.6
   4 4 9619 0.253 87 7.2 57.5
   5 5 8191 0.25 73 6.8 61.7
   6 6 8103 0.248 81 7.1 61
   7 7 7636 0.268 57 7.5 93.5
   8 8 8084 0.29 93 6.6 38.4
   9 9 9413 0.222 97 7.4 50.9
   10 10 7969 0.243 54 7.2 89.1
   11 11 8083 0.221 93 6.9 45
   12 12 7795 0.231 68 6.9 70.6
   13 13 7761 0.267 62 7.5 86.8
   14 14 7971 0.231 92 7 49
   15 15 8021 0.218 94 7 46.6
   16 16 7919 0.285 76 6.7 58.2
   17 17 4605 0.246 80 6.9 58.1
   18 18 7897 0.237 80 7.2 63.7
   19 19 8025 0.233 62 6.8 73.3
   20 20 7747 0.226 58 6.4 70.1
   21 21 7954 0.267 79 6.8 56.1
   22 22 8193 0.229 79 6.7 54.3
   23 23 8082 0.223 66 7.4 81.8
   24 24 7707 0.233 82 6.9 57.4
   25 25 8086 0.221 67 6.5 62.8
   26 26 8033 0.217 73 6.9 64.9
   27 27 9429 0.235 76 7 63.4
   28 28 8106 0.21 89 6.9 48.8
   29 29 7720 0.222 76 7.2 68.6
   30 30 8094 0.244 80 7 60.4
   31 31 7909 0.242 86 6.2 39.2
   32 32 9453 0.228 53 6.3 73.5
   33 33 9417 0.255 63 5.9 55.6
   34 34 9339 0.257 62 6.2 62.5
   35 35 9615 0.242 97 6.8 39.7
   36 36 9393 0.247 66 6.4 61.2
   37 37 9264 0.234 95 6.4 32.8
   38 38 9284 0.295 80 6.9 57.8
   39 39 9365 0.238 75 6.6 56.4
   40 40 9426 0.228 58 6.9 80.2
   41 41 7763 0.214 77 7 63.7
   42 42 9468 0.241 72 6.9 65.1
