
                             #ME234_2 number 122.

#02-DEC-2014 , 22:15:26 (Geneva time)

   #N AFEB pos. AFEB num. Int.cap.(pF) U(mv)20fc Gain Offset
   1 1 11764 0.254 88 7.7 66.3
   2 2 11096 0.242 95 7.6 57.7
   3 3 11223 0.241 97 7.3 48.8
   4 4 11647 0.234 112 7 28.4
   5 5 11589 0.251 104 6.4 24.5
   6 6 11673 0.232 94 7.5 56.4
   7 7 11232 0.224 113 7.1 29.3
   8 8 11625 0.239 98 7.7 55.5
   9 9 11432 0.268 90 7.7 64
   10 10 11546 0.221 96 7.4 51.2
   11 11 11687 0.225 106 7.4 42.1
   12 12 11771 0.246 105 6.6 27.3
   13 13 11674 0.222 120 7.2 23.3
   14 14 11586 0.248 96 6.5 33.3
   15 15 11329 0.218 93 7.1 49.3
   16 16 11317 0.222 101 6.6 32
   17 17 11704 0.271 110 7.2 33.2
   18 18 11699 0.234 112 7 27.8
   19 19 11378 0.248 109 7.2 35.3
   20 20 11778 0.235 109 6.9 29
   21 21 11125 0.227 95 7.3 51.4
   22 22 11768 0.219 116 6.8 20.7
   23 23 11715 0.235 98 6.8 36.6
   24 24 11234 0.238 93 7.2 51.7
