
                               #ME2_1 number 7.

#02-DEC-2014 , 22:15:02 (Geneva time)

   #N AFEB pos. AFEB num. Int.cap.(pF) U(mv)20fc Gain Offset
   1 1 3072 0.243 73 6.5 57.3
   2 2 3282 0.24 88 7 52.4
   3 3 2603 0.237 101 6.5 28.9
   4 4 3036 0.228 61 7 79
   5 5 3674 0.243 98 7 41.6
   6 6 3653 0.236 95 6.9 41.8
   7 7 2500 0.214 68 7.3 78.8
   8 8 3015 0.23 104 6.9 33.6
   9 9 3303 0.245 73 6.2 50.7
   10 10 3598 0.223 78 6.9 59.3
   11 11 3496 0.236 72 6.9 65.3
   12 12 3307 0.242 63 6.6 67.9
   13 13 2191 0.206 82 7 58.6
   14 14 3666 0.227 88 7.2 54.8
   15 15 2997 0.262 65 6.6 66.1
   16 16 3298 0.235 88 6.6 43.7
   17 17 2236 0.239 103 6.9 35.5
   18 18 4681 0.245 85 7.2 58.9
   19 19 2216 0.214 67 7.1 75.8
   20 20 2149 0.234 89 6.8 48.2
   21 21 2143 0.209 117 7.1 24
   22 22 2039 0.218 111 6.7 23.5
   23 23 2201 0.22 81 6.7 51.5
   24 24 2076 0.243 79 6.5 50.5
   25 25 2206 0.217 71 6.3 54.9
   26 26 2095 0.23 86 7.2 57
   27 27 1870 0.242 88 6.7 46.3
   28 28 2103 0.264 91 6.4 37.3
   29 29 2055 0.232 99 7.7 54.7
   30 30 2008 0.279 70 6.8 67
   31 31 2127 0.227 113 7.1 27.7
   32 32 2082 0.244 98 7.5 52.5
   33 33 2160 0.235 92 6.6 41.1
   34 34 2252 0.206 111 7.2 31.9
   35 35 2040 0.222 102 7.3 44.9
   36 36 2168 0.24 94 6.9 43.6
   37 37 2255 0.243 95 7.5 55.5
   38 38 2163 0.223 100 7.4 48.9
   39 39 2183 0.239 96 6.9 41.2
   40 40 2151 0.228 74 7.2 69.8
   41 41 4618 0.237 65 6.8 71
   42 42 2178 0.238 97 7.1 45.4
