
                              #ME234_2 number 35.

#02-DEC-2014 , 22:15:13 (Geneva time)

   #N AFEB pos. AFEB num. Int.cap.(pF) U(mv)20fc Gain Offset
   1 1 2819 0.234 73 6.4 54.7
   2 2 3264 0.242 58 6.2 67.1
   3 3 3479 0.288 80 6.7 55.3
   4 4 2554 0.24 75 6.7 59.6
   5 5 3445 0.203 82 7 57.7
   6 6 3431 0.253 79 6.5 50.5
   7 7 3387 0.276 103 6.6 28.6
   8 8 1636 0.22 86 7.1 55.8
   9 9 2351 0.233 83 7 56.7
   10 10 3151 0.243 95 6.6 37.3
   11 11 3427 0.234 100 7.1 41.8
   12 12 1294 0.228 86 6.9 52.2
   13 13 1175 0.244 86 6.8 49.7
   14 14 4503 0.236 64 7.2 80.7
   15 15 3975 0.218 71 7.3 75.2
   16 16 3161 0.232 59 6.5 71.1
   17 17 4264 0.237 79 7.2 65.5
   18 18 2295 0.245 66 6.8 70.1
   19 19 2809 0.244 132 6.9 4.9
   20 20 2363 0.245 91 6.9 45.9
   21 21 8445 0.237 128 6.6 5.3
   22 22 1155 0.246 69 6.8 67.7
   23 23 1208 0.237 75 6.8 61.6
   24 24 4181 0.241 74 7 67.1
