
                             #ME234_2 number 252.

#02-DEC-2014 , 22:39:15 (Geneva time)

   #N AFEB pos. AFEB num. Int.cap.(pF) U(mv)20fc Gain Offset
   1 1 12080287 0.2514 82.13 6.88 55.48
   2 2 12080198 0.2075 82.77 6.89 54.97
   3 3 12080737 0.224 76.54 7.18 67.02
   4 4 12080214 0.2042 102.06 6.74 32.72
   5 5 12080546 0.2258 81.3 6.49 48.43
   6 6 12080057 0.2202 99.73 6.99 40.06
   7 7 12080466 0.2123 79.41 7.14 63.3
   8 8 12080689 0.2189 76.05 7.16 67.2
   9 9 12080301 0.2618 81.03 6.58 50.62
   10 10 12080681 0.2059 110.97 7.07 30.46
   11 11 12080390 0.1997 95.64 7.02 44.7
   12 12 12080133 0.2168 100.54 7.22 43.94
   13 13 12080190 0.2011 92.43 6.86 44.84
   14 14 12080174 0.1994 91.47 6.94 47.42
   15 15 12080406 0.2242 75.69 7.3 70.33
   16 16 12080137 0.2106 97.43 6.75 37.49
   17 17 12080461 0.2069 85.71 6.95 53.27
   18 18 12080047 0.2049 92.01 7.28 53.49
   19 19 12080062 0.2423 78.98 7.16 64.25
   20 20 12080512 0.2468 78.07 6.66 55.22
   21 21 12080515 0.2142 82.98 7.31 63.2
   22 22 12080283 0.1959 95.99 7.11 46.21
   23 23 12080608 0.2177 68.05 7.13 74.48
   24 24 12080476 0.2321 114.16 7 25.93
