
                               #ME1_3 number 39.

#02-DEC-2014 , 22:14:56 (Geneva time)

   #N AFEB pos. AFEB num. Int.cap.(pF) U(mv)20fc Gain Offset
   1 1 8314 0.238 71 6.8 64.6
   2 2 9883 0.247 89 6.7 44.1
   3 3 6283 0.233 83 7.1 58.5
   4 4 9715 0.22 89 7.2 56.1
   5 5 8554 0.214 83 7 58.1
   6 6 6339 0.204 87 7 52.4
   7 7 7724 0.247 87 6.8 47.8
   8 8 8203 0.208 91 7.4 58.1
   9 9 6207 0.249 75 7.1 66.4
   10 10 8438 0.266 109 6.5 21.8
   11 11 8434 0.229 108 7.1 33.1
   12 12 8278 0.241 63 7.3 83.1
