
                              #ME234_2 number 72.

#02-DEC-2014 , 22:15:19 (Geneva time)

   #N AFEB pos. AFEB num. Int.cap.(pF) U(mv)20fc Gain Offset
   1 1 5688 0.232 66 6.9 71.4
   2 2 5612 0.206 91 7.2 53.9
   3 3 5710 0.22 128 7 11.9
   4 4 5570 0.235 77 7 62.6
   5 5 5711 0.252 85 6.7 49.4
   6 6 5655 0.223 63 6.8 72
   7 7 5673 0.218 86 6.9 51.4
   8 8 5566 0.229 68 6.7 66.7
   9 9 5002 0.223 75 7.3 70.9
   10 10 5625 0.235 126 6.8 9.2
   11 11 5596 0.254 86 7.1 55.2
   12 12 5959 0.226 84 7.3 61.4
   13 13 6080 0.245 80 7 59.6
   14 14 5626 0.223 85 6.8 50.7
   15 15 6043 0.229 82 6.2 43.1
   16 16 5610 0.243 88 6.9 50.9
   17 17 5659 0.243 56 7.3 89
   18 18 5660 0.232 89 6.7 44.7
   19 19 5576 0.249 56 6.5 73
   20 20 4995 0.232 85 7.1 57.7
   21 21 4831 0.25 85 6.9 52.7
   22 22 5629 0.229 63 7.2 80.6
   23 23 5591 0.275 99 6.3 27.2
   24 24 5693 0.221 79 6.9 59.4
