
                               #ME1_3 number 22.

#02-DEC-2014 , 22:14:54 (Geneva time)

   #N AFEB pos. AFEB num. Int.cap.(pF) U(mv)20fc Gain Offset
   1 1 9824 0.243 94 7 46.9
   2 2 9812 0.234 64 7 75.9
   3 3 9055 0.249 68 6.8 68.2
   4 4 9855 0.249 80 7 61.1
   5 5 9806 0.243 84 6.9 53.9
   6 6 9397 0.294 81 6.4 48.5
   7 7 9702 0.237 92 7.2 51
   8 8 9827 0.239 84 6.6 47.2
   9 9 9838 0.249 74 6.8 61.4
   10 10 9729 0.226 92 7.1 49.9
   11 11 9807 0.25 106 6.5 24.1
   12 12 9020 0.236 95 6.9 43.8
