
                              #ME234_2 number 95.

#02-DEC-2014 , 22:39:13 (Geneva time)

   #N AFEB pos. AFEB num. Int.cap.(pF) U(mv)20fc Gain Offset
   1 1 4389 0.242 77 6.9 60.6
   2 2 9407 0.241 94 6.2 30.4
   3 3 9432 0.239 54 7.3 91.6
   4 4 9563 0.262 84 6.6 48.2
   5 5 9643 0.23 66 6.9 71.9
   6 6 9555 0.23 119 6.7 14.9
   7 7 9625 0.23 98 6.7 36.8
   8 8 9402 0.225 98 6.9 40
   9 9 9527 0.229 57 6.4 71.1
   10 10 9380 0.241 55 7 84.4
   11 11 9378 0.246 68 7.2 74.9
   12 12 9593 0.24 49 7.1 92
   13 13 9657 0.24 113 7 26.8
   14 14 9635 0.239 91 6.6 41.4
   15 15 9387 0.247 93 6.6 37.9
   16 16 9533 0.244 70 6.8 65.7
   17 17 9518 0.232 92 6.1 29.8
   18 18 9618 0.226 76 6.7 58.3
   19 19 9419 0.208 114 7.2 29.2
   20 20 4222 0.238 69 6.6 63.3
   21 21 9535 0.242 64 7 76.5
   22 22 9623 0.236 62 7 78.6
   23 23 4237 0.253 76 6.4 52.5
   24 24 9651 0.218 53 6.3 72.5
