
                               #ME1_3 number 58.

#02-DEC-2014 , 22:14:58 (Geneva time)

   #N AFEB pos. AFEB num. Int.cap.(pF) U(mv)20fc Gain Offset
   1 1 9723 0.242 75 7 64.5
   2 2 9724 0.23 68 7.1 74.3
   3 3 9721 0.244 84 6.6 49
   4 4 8231 0.24 65 6.6 67.6
   5 5 8166 0.248 77 6.7 56.9
   6 6 8373 0.23 86 6.5 43.7
   7 7 8381 0.241 60 7.1 80.9
   8 8 8080 0.231 55 6.3 70.5
   9 9 8428 0.234 92 7 48.6
   10 10 8253 0.255 70 6.9 66.9
   11 11 6996 0.219 89 6.3 36.8
   12 12 9805 0.27 79 7.1 63.4
