
                             #ME234_2 number 124.

#02-DEC-2014 , 22:15:27 (Geneva time)

   #N AFEB pos. AFEB num. Int.cap.(pF) U(mv)20fc Gain Offset
   1 1 5171 0.234 68 7 71
   2 2 4249 0.244 73 7.1 67.8
   3 3 5275 0.225 58 6.8 79.2
   4 4 4406 0.246 65 6.9 72.9
   5 5 4425 0.271 84 7.5 67.1
   6 6 4447 0.24 59 7.1 83
   7 7 4452 0.267 66 6.7 68.7
   8 8 4439 0.276 81 6.9 56.7
   9 9 4514 0.242 88 6.9 49.1
   10 10 4185 0.246 71 6.9 66.2
   11 11 4441 0.247 70 6.4 57.3
   12 12 5227 0.239 64 7.2 79.7
   13 13 4500 0.241 76 7.2 68.5
   14 14 5248 0.25 60 6.9 78.5
   15 15 5268 0.242 96 7 43.8
   16 16 4495 0.222 135 7.1 6.8
   17 17 4409 0.23 70 7.2 75
   18 18 4448 0.212 80 6.9 57.7
   19 19 4277 0.256 75 7.1 67.1
   20 20 4444 0.23 52 6.8 84.9
   21 21 4460 0.238 50 6.9 87.3
   22 22 4396 0.252 82 7.4 66
   23 23 4416 0.237 88 6.5 42.3
   24 24 9506 0.242 43 6.4 85
