
                             #ME234_2 number 109.

#02-DEC-2014 , 22:15:24 (Geneva time)

   #N AFEB pos. AFEB num. Int.cap.(pF) U(mv)20fc Gain Offset
   1 1 8531 0.253 77 6.9 60.6
   2 2 8866 0.251 95 6.7 39.8
   3 3 8862 0.234 72 6.8 64.7
   4 4 8537 0.223 71 6.2 53.2
   5 5 7890 0.247 63 7.1 78.1
   6 6 8782 0.249 60 6.6 72.6
   7 7 4050 0.244 55 7.1 87.6
   8 8 8435 0.22 63 7.1 79.6
   9 9 8624 0.243 100 7.2 43.4
   10 10 4100 0.211 76 6.7 58.7
   11 11 8881 0.266 64 7.5 86.1
   12 12 7974 0.253 73 6.4 55.6
   13 13 8502 0.241 79 7.1 62.1
   14 14 9247 0.273 95 6.9 43
   15 15 8865 0.264 83 7.4 64.5
   16 16 4116 0.228 90 7.1 51.1
   17 17 8446 0.233 73 7.3 73.3
   18 18 8387 0.235 95 6.3 31.2
   19 19 8637 0.247 79 7.3 67.5
   20 20 8805 0.245 59 6.8 77.2
   21 21 8843 0.213 89 6.8 46.8
   22 22 8567 0.24 64 6.2 60.5
   23 23 8748 0.227 80 6.8 54.5
   24 24 9276 0.222 56 6.6 75.1
