
                               #ME1_3 number 6.

#02-DEC-2014 , 22:14:53 (Geneva time)

   #N AFEB pos. AFEB num. Int.cap.(pF) U(mv)20fc Gain Offset
   1 1 6632 0.226 93 6.7 41.2
   2 2 6647 0.238 84 6.2 39.2
   3 3 4742 0.281 62 7.2 82.4
   4 4 6180 0.253 58 7.2 84.6
   5 5 4802 0.253 75 7.3 70.6
   6 6 6437 0.219 74 7 66
   7 7 6644 0.244 78 6.5 51.4
   8 8 4759 0.243 75 6.7 58.6
   9 9 4907 0.225 76 7.2 69
   10 10 4822 0.215 61 7.1 80.4
   11 11 4946 0.23 75 6.7 59.4
   12 12 4852 0.232 110 6.8 26.2
