
                             #ME234_2 number 216.

#02-DEC-2014 , 22:39:15 (Geneva time)

   #N AFEB pos. AFEB num. Int.cap.(pF) U(mv)20fc Gain Offset
   1 1 8928 0.223 37 6.8 100.1
   2 2 5092 0.224 64 6.6 68.9
   3 3 3052 0.264 78 6.6 52.7
   4 4 5464 0.243 85 7.2 60.1
   5 5 2618 0.215 101 7 39
   6 6 6919 0.213 91 7.1 51.4
   7 7 6847 0.215 90 6.9 47.6
   8 8 6848 0.252 86 6.9 52.5
   9 9 3678 0.208 63 6.8 73.2
   10 10 9006 0.269 41 6.2 83.2
   11 11 8756 0.233 70 6.4 58.9
   12 12 11243 0.238 100 6.6 32.4
   13 13 5441 0.24 95 7 44.9
   14 14 5759 0.228 74 7.1 68.1
   15 15 5728 0.26 94 7.2 49.2
   16 16 6913 0.231 96 6.9 40.9
   17 17 5924 0.238 71 6.8 65.2
   18 18 6929 0.209 91 7.1 51.4
   19 19 5502 0.219 63 6.9 75.4
   20 20 5581 0.239 61 6.8 75.9
   21 21 4266 0.242 53 6.8 83.5
   22 22 5790 0.256 58 7.1 84.9
   23 23 5443 0.243 88 7 53
   24 24 6811 0.209 78 6.8 56.7
