
                              #ME234_2 number 20.

#02-DEC-2014 , 22:15:11 (Geneva time)

   #N AFEB pos. AFEB num. Int.cap.(pF) U(mv)20fc Gain Offset
   1 1 711 0.239 120 7 18.8
   2 2 1105 0.24 118 7.2 25.5
   3 3 1386 0.252 78 7.2 65.4
   4 4 7247 0.208 118 7.3 28.7
   5 5 7272 0.227 117 6.7 17.2
   6 6 1825 0.212 127 7.3 18.2
   7 7 976 0.242 134 7.3 12.1
   8 8 922 0.232 113 6.8 23.7
   9 9 1079 0.294 105 6.6 27.7
   10 10 1737 0.246 117 6.9 20.7
   11 11 7461 0.277 101 6 19.7
   12 12 1262 0.235 112 6.9 25.6
   13 13 308 0.275 123 6.7 12
   14 14 578 0.231 113 6.8 22.9
   15 15 2979 0.212 75 7 64.4
   16 16 1441 0.244 101 6.1 21
   17 17 433 0.256 138 7 1.4
   18 18 917 0.239 132 7.3 14.2
   19 19 693 0.242 117 7 22.4
   20 20 1793 0.238 129 7.3 18
   21 21 1501 0.248 125 6.7 8.2
   22 22 1548 0.251 98 6.6 34.7
   23 23 206 0.242 99 7.2 44.4
   24 24 1618 0.261 102 6.6 29.4
