
                               #ME1_3 number 20.

#02-DEC-2014 , 22:14:54 (Geneva time)

   #N AFEB pos. AFEB num. Int.cap.(pF) U(mv)20fc Gain Offset
   1 1 6185 0.237 66 6.8 68.9
   2 2 6387 0.255 77 7.4 70.9
   3 3 6382 0.236 69 6.9 69.2
   4 4 6297 0.238 99 6.9 40.1
   5 5 6340 0.207 84 7.3 61.3
   6 6 6291 0.234 89 6.9 48.3
   7 7 6365 0.216 84 7.1 57.8
   8 8 6824 0.246 77 6.6 55.3
   9 9 6205 0.203 96 6.9 42.8
   10 10 6394 0.255 93 5.8 24
   11 11 6316 0.234 88 6.9 48.9
   12 12 6250 0.223 73 7.6 78.4
