
                               #ME4_1 number 13.

#02-DEC-2014 , 22:15:39 (Geneva time)

   #N AFEB pos. AFEB num. Int.cap.(pF) U(mv)20fc Gain Offset
   1 1 6483 0.234 97 6.9 40.6
   2 2 4860 0.219 83 7.3 63.3
   3 3 5070 0.229 50 7.4 97.8
   4 4 1964 0.216 101 6.8 35.3
   5 5 5520 0.258 64 6.8 72.9
   6 6 1098 0.252 123 6.6 9.6
   7 7 95 0.228 129 7.2 15.3
   8 8 5123 0.248 51 7.2 91.8
   9 9 5714 0.232 97 6.3 29.1
   10 10 3900 0.227 91 6.9 46.9
   11 11 5484 0.234 60 5.9 58.7
   12 12 3820 0.205 127 7.2 18.2
   13 13 2770 0.226 83 6.2 40.1
   14 14 2784 0.236 102 6.2 21.8
   15 15 1490 0.206 90 7 50.2
   16 16 2953 0.26 85 6.3 40.9
   17 17 7525 0.227 75 6.9 62.9
   18 18 3216 0.262 87 7 53
   19 19 5931 0.205 112 7 27.9
   20 20 884 0.251 104 6.7 29
   21 21 3805 0.234 81 6.5 48.4
   22 22 3689 0.244 63 6.2 61.7
   23 23 4577 0.236 82 6.5 48.9
   24 24 6835 0.258 94 6.8 42.6
   25 25 3706 0.253 97 6.3 28.8
   26 26 2759 0.229 86 6.4 42.1
   27 27 3166 0.254 96 6.7 38.6
   28 28 3847 0.218 83 7.1 58.2
   29 29 10379 0.224 102 7 37.8
   30 30 1924 0.214 86 7.1 55.2
   31 31 8066 0.213 99 6.8 36.7
   32 32 7595 0.213 84 6.2 39.8
   33 33 3494 0.22 90 6.8 46.4
   34 34 6258 0.224 102 6.1 19.6
   35 35 7467 0.244 91 6.5 39.6
   36 36 379 0.252 96 7.1 45.5
