
                             #ME234_2 number 222.

#02-DEC-2014 , 22:39:15 (Geneva time)

   #N AFEB pos. AFEB num. Int.cap.(pF) U(mv)20fc Gain Offset
   1 1 1895 0.204 84 7.1 57.5
   2 2 1932 0.215 72 6.4 56
   3 3 2746 0.242 75 6.9 63.4
   4 4 5066 0.249 53 6.7 79.8
   5 5 5076 0.218 69 6.7 65.2
   6 6 5139 0.227 80 7.1 61.5
   7 7 5699 0.251 119 6.9 19.1
   8 8 5766 0.244 70 7.2 73.2
   9 9 5855 0.223 88 7.2 56.4
   10 10 5922 0.241 73 6 46.5
   11 11 6797 0.226 63 6.9 75.7
   12 12 6850 0.256 88 6.2 36.5
   13 13 6856 0.244 57 6.8 79.6
   14 14 6878 0.234 73 7.1 68.2
   15 15 6888 0.244 57 6.8 79.6
   16 16 6921 0.221 56 6.9 82
   17 17 6957 0.248 70 6.7 64.6
   18 18 6964 0.228 87 6.8 49
   19 19 6980 0.249 85 6.5 44.9
   20 20 6999 0.22 66 7 74.6
   21 21 7003 0.243 101 6.7 32.3
   22 22 9135 0.255 76 7 63.9
   23 23 190 0.241 109 6.8 25.9
   24 24 10859 0.221 96 7.2 48.4
