
                              #ME234_2 number 10.

#02-DEC-2014 , 22:15:10 (Geneva time)

   #N AFEB pos. AFEB num. Int.cap.(pF) U(mv)20fc Gain Offset
   1 1 2814 0.241 85 6.8 50.8
   2 2 2582 0.212 97 7.2 46.6
   3 3 1646 0.219 109 7.4 38.6
   4 4 3553 0.233 92 6.6 39.1
   5 5 3605 0.243 79 7.3 66.2
   6 6 3626 0.202 111 7 28.8
   7 7 3129 0.246 90 6.9 47.6
   8 8 3199 0.209 103 7.2 41.6
   9 9 3018 0.21 82 7.1 60
   10 10 4608 0.26 66 7 74.3
   11 11 1642 0.226 94 7.4 54.1
   12 12 2528 0.248 115 6.5 15.1
   13 13 3644 0.26 97 6.6 34.8
   14 14 2606 0.242 90 6.8 45.9
   15 15 2503 0.229 94 7.1 47.3
   16 16 1259 0.24 94 7.2 51.3
   17 17 3911 0.261 76 7 63.5
   18 18 3147 0.242 89 7.1 51.6
   19 19 3179 0.234 82 7.2 61.6
   20 20 3614 0.267 93 6.3 33.9
   21 21 2797 0.247 101 6.7 32.7
   22 22 8339 0.241 73 6.6 60.3
   23 23 4472 0.232 68 6.9 69.6
   24 24 8544 0.248 74 6.9 63.9
