
                               #ME2_1 number 25.

#02-DEC-2014 , 22:15:06 (Geneva time)

   #N AFEB pos. AFEB num. Int.cap.(pF) U(mv)20fc Gain Offset
   1 1 4092 0.231 50 6.5 79.6
   2 2 7990 0.229 68 6.9 70.7
   3 3 4038 0.234 54 7.1 87.8
   4 4 3777 0.208 82 7.4 65.4
   5 5 3746 0.229 84 7.1 56.9
   6 6 4022 0.239 81 7.5 68.2
   7 7 8071 0.213 65 6.9 72.5
   8 8 3803 0.233 69 6.7 65.5
   9 9 8122 0.251 60 7.1 82.5
   10 10 4037 0.241 72 7 68.2
   11 11 4642 0.259 87 6.7 46.3
   12 12 4737 0.261 77 7.1 65.1
   13 13 3783 0.221 86 6.7 48.4
   14 14 7682 0.238 61 6.9 77.5
   15 15 4517 0.215 66 6.5 64.6
   16 16 4328 0.255 86 7.6 65.7
   17 17 3982 0.228 102 7 37.6
   18 18 3989 0.239 70 6.4 59.6
   19 19 4018 0.217 86 6.9 53.2
   20 20 8127 0.262 47 7.1 95.3
   21 21 4623 0.249 61 6.9 76.8
   22 22 3867 0.245 65 6.2 59.7
   23 23 4312 0.233 91 6.8 45.1
   24 24 8059 0.217 95 7 45.5
   25 25 8088 0.232 64 6.4 63.4
   26 26 8045 0.222 59 6.4 70.1
   27 27 7989 0.211 90 7.4 58.3
   28 28 8198 0.209 81 7.2 62.8
   29 29 4719 0.299 76 6.7 58.6
   30 30 8156 0.239 103 7.3 42.5
   31 31 3774 0.212 72 7.1 70.5
   32 32 4578 0.235 72 7.1 70.7
   33 33 7799 0.251 85 6.9 52.7
   34 34 4521 0.244 97 6.8 39.9
   35 35 4299 0.265 50 6.6 83.3
   36 36 7790 0.212 65 6.9 72.1
   37 37 3955 0.217 64 7.1 77.1
   38 38 4331 0.252 68 6.4 60.2
   39 39 3754 0.247 72 7.1 71.1
   40 40 4635 0.233 74 7.2 69.2
   41 41 8063 0.236 69 7.4 79.2
   42 42 3759 0.22 64 7.1 78.3
