
                             #ME234_2 number 243.

#02-DEC-2014 , 22:39:19 (Geneva time)

   #N AFEB pos. AFEB num. Int.cap.(pF) U(mv)20fc Gain Offset
   1 1 12080745 0.2267 74.62 6.57 56.77
   2 2 12080483 0.2199 90.15 7.27 55.22
   3 3 12080339 0.2183 77.66 6.95 61.28
   4 4 12080455 0.2239 98.11 6.98 41.53
   5 5 12080359 0.2087 113.25 7.13 29.38
   6 6 12080362 0.2027 98.62 7.25 46.39
   7 7 12080478 0.2285 105.05 6.92 33.31
   8 8 12080234 0.2188 93.69 7.13 48.99
   9 9 724 0.322 99 6.5 31.9
   10 10 12080649 0.2498 88.83 7.09 53
   11 11 12080201 0.2386 131.67 7.27 13.74
   12 12 12080148 0.2261 78.17 7.05 62.9
   13 13 12080184 0.2367 78.49 6.74 56.4
   14 14 12080240 0.2423 76.45 6.47 52.95
   15 15 12080386 0.194 102.9 6.99 36.89
   16 16 12080569 0.2408 99.51 6.7 34.56
   17 17 12080090 0.2323 103.35 6.68 30.25
   18 18 12080136 0.2204 116.4 7.24 28.47
   19 19 12080041 0.2181 109.28 7.06 31.96
   20 20 12080379 0.2201 112.31 7.66 40.89
   21 21 5515 0.22 59 7.1 84.3
   22 22 12080126 0.2234 100.14 6.96 39.09
   23 23 12080343 0.2138 93.84 7.04 47.05
   24 24 12080358 0.205 106.78 6.88 30.83
