
                               #ME4_1 number 20.

#02-DEC-2014 , 22:15:41 (Geneva time)

   #N AFEB pos. AFEB num. Int.cap.(pF) U(mv)20fc Gain Offset
   1 1 11469 0.247 92 7 49.2
   2 2 11473 0.245 110 6.6 22.8
   3 3 11618 0.255 98 7.1 44.3
   4 4 11812 0.228 107 6.5 22.9
   5 5 11676 0.215 114 6.9 23.6
   6 6 10738 0.238 113 6.8 22.3
   7 7 11689 0.249 91 7.2 53.3
   8 8 11712 0.24 102 7 37.6
   9 9 11755 0.226 99 6.9 39.1
   10 10 11835 0.221 88 7.6 64
   11 11 11611 0.221 102 7 38.8
   12 12 10777 0.22 96 6.9 41.7
   13 13 11729 0.224 103 6.8 32.7
   14 14 11608 0.227 96 6.8 40.6
   15 15 10775 0.223 102 7 37
   16 16 11606 0.247 105 7.1 35.6
   17 17 11668 0.238 105 7.1 37.1
   18 18 11471 0.235 101 6.7 33.1
   19 19 11518 0.265 94 7.5 55.5
   20 20 11527 0.231 105 7.1 37.8
   21 21 10663 0.231 116 6.9 21.6
   22 22 11851 0.244 96 6.8 38.9
   23 23 11629 0.22 126 7.1 14.8
   24 24 10660 0.254 114 6.6 17.9
   25 25 10667 0.213 105 6.9 33.4
   26 26 11612 0.219 119 6.8 16.2
   27 27 11528 0.242 107 6.8 29.2
   28 28 10776 0.229 123 6.7 10.3
   29 29 11653 0.236 98 7.1 42.7
   30 30 11754 0.229 113 6.6 18.9
   31 31 11650 0.248 108 7 32.2
   32 32 12078 0.261 105 7.1 35.7
   33 33 11502 0.243 96 7.3 49.7
   34 34 11707 0.238 101 7.1 39.8
   35 35 11493 0.233 97 6.7 36.2
   36 36 12075 0.227 105 6.8 30.6
