
                              #ME234_2 number 32.

#02-DEC-2014 , 22:15:13 (Geneva time)

   #N AFEB pos. AFEB num. Int.cap.(pF) U(mv)20fc Gain Offset
   1 1 2959 0.226 82 7 57.4
   2 2 2884 0.234 60 6.7 73.7
   3 3 3191 0.204 74 7 66.8
   4 4 324 0.227 110 7.1 33.3
   5 5 3000 0.241 105 6.9 32.4
   6 6 1679 0.204 107 7.1 34.2
   7 7 3251 0.227 93 6.3 32
   8 8 14 0.241 64 6.7 69.2
   9 9 3164 0.244 66 6.3 60.8
   10 10 1659 0.22 84 6.9 52.8
   11 11 3348 0.28 78 6.2 46.8
   12 12 3120 0.255 86 6.8 49.5
   13 13 1313 0.217 88 7.4 59.5
   14 14 2903 0.242 103 7.2 40.8
   15 15 3043 0.241 98 7.3 47.7
   16 16 1559 0.25 93 6.8 42.7
   17 17 1058 0.231 96 6.7 36.8
   18 18 3584 0.221 92 7.3 53.3
   19 19 7 0.23 91 6.8 46.4
   20 20 3902 0.243 81 7 59
   21 21 1159 0.298 60 6.8 75.3
   22 22 3576 0.219 82 7.1 59.9
   23 23 1368 0.237 58 7.2 87.2
   24 24 3157 0.244 77 6.8 59.3
