
                               #ME3_1 number 11.

#02-DEC-2014 , 22:15:32 (Geneva time)

   #N AFEB pos. AFEB num. Int.cap.(pF) U(mv)20fc Gain Offset
   1 1 962 0.284 96 6.6 36.7
   2 2 1113 0.211 60 6.9 77.4
   3 3 975 0.233 141 7.3 4.6
   4 4 1613 0.252 71 6.8 65.8
   5 5 2909 0.237 77 7.4 70.6
   6 6 654 0.256 126 6.8 10.2
   7 7 3218 0.237 58 6.6 75
   8 8 1692 0.22 97 6.3 28.5
   9 9 1390 0.242 92 7 47.6
   10 10 2319 0.215 71 7 70.1
   11 11 752 0.283 94 6.5 35.6
   12 12 1361 0.216 94 7 44.7
   13 13 192 0.228 129 7 10.9
   14 14 3505 0.236 85 6.3 41.3
   15 15 307 0.283 108 6.7 25.6
   16 16 237 0.256 110 7 29.1
   17 17 2392 0.213 96 7 43.5
   18 18 2323 0.276 64 6.7 70.7
   19 19 2905 0.207 120 7.4 28
   20 20 789 0.231 71 6.7 62.2
   21 21 225 0.286 64 6.5 66.6
   22 22 577 0.288 96 6.5 33.1
   23 23 927 0.252 116 7 24.2
   24 24 2409 0.22 108 7.1 33.8
   25 25 2337 0.228 85 6.8 50.6
   26 26 1127 0.233 86 6.8 50.8
   27 27 3421 0.228 82 6.9 56.3
   28 28 268 0.249 102 6.8 34.8
   29 29 2413 0.24 103 7 37.1
   30 30 352 0.243 89 6.9 48.7
   31 31 217 0.236 83 7.1 58
   32 32 1091 0.281 123 6.6 9.5
   33 33 26 0.237 120 7.1 22.1
   34 34 1665 0.219 111 6.8 24.2
   35 35 916 0.258 131 6.8 4.5
   36 36 455 0.233 115 6.7 19.7
