
                             #ME234_2 number 135.

#02-DEC-2014 , 22:15:28 (Geneva time)

   #N AFEB pos. AFEB num. Int.cap.(pF) U(mv)20fc Gain Offset
   1 1 7111 0.232 66 6.9 72.6
   2 2 7016 0.215 89 7.1 53.3
   3 3 7132 0.217 74 6.8 62.3
   4 4 7171 0.232 66 7.1 76.6
   5 5 7069 0.21 97 6.9 41.2
   6 6 7024 0.265 77 7.5 73.4
   7 7 8030 0.25 86 6.8 49.3
   8 8 5565 0.243 73 6.8 63.7
   9 9 6962 0.239 76 7.4 71.6
   10 10 8029 0.225 94 6.4 33.2
   11 11 8394 0.235 78 6.9 60.3
   12 12 8416 0.244 79 6.8 56.9
   13 13 7035 0.235 82 6.9 55.7
   14 14 7049 0.234 75 6.7 58.3
   15 15 7048 0.235 51 6.3 74.6
   16 16 7070 0.217 99 6.9 39
   17 17 7106 0.236 78 6.9 60.7
   18 18 7161 0.266 86 7 53.5
   19 19 7963 0.256 58 7 81.5
   20 20 9273 0.246 80 7.1 61.1
   21 21 8325 0.247 83 6.9 55.3
   22 22 7031 0.231 93 6.9 45.1
   23 23 7043 0.267 98 7.2 46.7
   24 24 8053 0.226 91 6.6 40.3
