
                               #ME1_3 number 29.

#02-DEC-2014 , 22:14:55 (Geneva time)

   #N AFEB pos. AFEB num. Int.cap.(pF) U(mv)20fc Gain Offset
   1 1 9124 0.237 80 6.4 48.4
   2 2 9030 0.233 90 7 50.2
   3 3 9092 0.233 74 6.7 60.4
   4 4 9860 0.232 68 6.8 68.3
   5 5 9086 0.239 68 6.9 70.4
   6 6 9834 0.236 71 7 68.5
   7 7 9674 0.228 74 7.6 78.1
   8 8 9669 0.247 82 6.7 53.1
   9 9 9831 0.251 73 6.3 52.6
   10 10 9813 0.225 64 7.2 80.6
   11 11 9097 0.239 62 6.8 74.1
   12 12 9095 0.244 98 6.6 33.8
