
                               #ME3_1 number 8.

#02-DEC-2014 , 22:15:32 (Geneva time)

   #N AFEB pos. AFEB num. Int.cap.(pF) U(mv)20fc Gain Offset
   1 1 3441 0.247 95 6.6 37.3
   2 2 3632 0.231 70 7.2 75.5
   3 3 3466 0.245 51 7.3 94.2
   4 4 3068 0.237 102 7.3 44.6
   5 5 3192 0.242 64 6.7 68.5
   6 6 1798 0.229 95 6.4 33.1
   7 7 2891 0.233 104 6.5 26.5
   8 8 2304 0.231 123 7 16
   9 9 1407 0.22 55 7.1 88
   10 10 3171 0.206 72 7.1 69.6
   11 11 3581 0.231 90 6.9 47.9
   12 12 2908 0.251 93 6.7 40.9
   13 13 1360 0.26 79 7 60.7
   14 14 2426 0.223 87 7.4 61.4
   15 15 2368 0.203 92 7.2 52.1
   16 16 2840 0.271 77 7.1 65.4
   17 17 3349 0.236 70 6.5 60.4
   18 18 3333 0.239 56 6.3 71
   19 19 3341 0.258 77 6.8 58.5
   20 20 3500 0.222 55 6.1 66.6
   21 21 3541 0.224 83 6.2 40.1
   22 22 2524 0.239 81 7.3 65
   23 23 3529 0.232 72 7.2 72.3
   24 24 2917 0.257 92 7.1 49.2
   25 25 2505 0.247 94 6.9 43.8
   26 26 3649 0.241 82 7.2 63.1
   27 27 3670 0.221 72 6.4 57.5
   28 28 3184 0.227 70 6.4 58.3
   29 29 2935 0.229 99 6.8 37.6
   30 30 2445 0.235 108 6.4 20
   31 31 2352 0.232 86 6.8 50.9
   32 32 2616 0.238 91 6.9 47.8
   33 33 2296 0.239 99 7 40.9
   34 34 3024 0.255 98 7.2 47.2
   35 35 2849 0.286 87 7.1 54.9
   36 36 3420 0.226 101 7.3 45.9
