
                               #ME4_1 number 25.

#02-DEC-2014 , 22:15:42 (Geneva time)

   #N AFEB pos. AFEB num. Int.cap.(pF) U(mv)20fc Gain Offset
   1 1 11630 0.253 94 6.9 44.8
   2 2 11103 0.211 115 7 25.4
   3 3 7960 0.25 86 6.7 48.3
   4 4 10687 0.246 103 6.8 32.8
   5 5 11159 0.249 125 7.5 24.1
   6 6 10921 0.209 105 6.7 29.6
   7 7 11194 0.213 97 7 42.4
   8 8 11359 0.217 119 7 20.1
   9 9 11297 0.218 104 7 36
   10 10 11767 0.235 100 7.2 43.1
   11 11 11516 0.25 110 6.9 27.7
   12 12 11136 0.215 101 6.8 36.3
   13 13 10146 0.291 105 6.5 24.8
   14 14 10822 0.213 96 7 43.4
   15 15 11766 0.208 111 7.1 30.7
   16 16 11431 0.215 128 7 12.4
   17 17 11011 0.216 97 6.9 40.7
   18 18 11723 0.213 115 6.9 23.4
   19 19 10126 0.251 93 7.3 52.9
   20 20 11088 0.278 103 7 36.9
   21 21 11809 0.231 126 7 14.5
   22 22 11957 0.262 121 6.6 10
   23 23 10129 0.262 111 7.1 30.6
   24 24 12156 0.248 137 6.9 1.6
   25 25 11537 0.21 100 6.9 39.5
   26 26 10150 0.219 111 6.7 23.1
   27 27 11263 0.213 126 7.2 17.2
   28 28 11844 0.23 114 7.2 30.1
   29 29 10551 0.256 112 6.8 24.8
   30 30 4640 0.252 101 6.9 37.2
   31 31 12173 0.23 98 7.3 49.4
   32 32 10176 0.247 98 6.7 36.8
   33 33 12157 0.251 104 6.9 33.4
   34 34 11784 0.249 114 7.2 30.5
   35 35 12010 0.226 108 6.9 30
   36 36 11810 0.228 98 6.7 35.8
