
                             #ME234_2 number 141.

#02-DEC-2014 , 22:39:13 (Geneva time)

   #N AFEB pos. AFEB num. Int.cap.(pF) U(mv)20fc Gain Offset
   1 1 8393 0.211 88 7.1 54.5
   2 2 7004 0.22 87 6.2 36.9
   3 3 8518 0.263 69 6.8 65.9
   4 4 5954 0.246 75 6.8 59.9
   5 5 7945 0.221 62 7 78.1
   6 6 8443 0.206 85 7.1 56.9
   7 7 5276 0.21 83 6.9 55.2
   8 8 5997 0.235 69 6.5 62.1
   9 9 4833 0.212 95 6.9 42.2
   10 10 5965 0.217 108 7.2 36.2
   11 11 4848 0.206 74 7.1 68.5
   12 12 5055 0.242 76 6.9 62.9
   13 13 6049 0.25 91 6.3 35
   14 14 5887 0.236 53 6.8 83.7
   15 15 4940 0.225 73 6.8 63.7
   16 16 6010 0.244 64 6.9 75.4
   17 17 5325 0.248 77 6.9 61.9
   18 18 5999 0.248 75 6.9 63.6
   19 19 5991 0.24 88 7.2 56.7
   20 20 5885 0.248 84 6.3 42.1
   21 21 5155 0.231 60 6.9 79
   22 22 5891 0.245 56 6.8 78.6
   23 23 5833 0.212 57 7 82.7
   24 24 6003 0.247 62 6.8 73.1
