
                               #ME2_1 number 2.

#02-DEC-2014 , 22:15:01 (Geneva time)

   #N AFEB pos. AFEB num. Int.cap.(pF) U(mv)20fc Gain Offset
   1 1 6563 0.24 98 6.2 26.5
   2 2 7487 0.225 98 6.4 29.1
   3 3 1686 0.243 100 6.2 23.7
   4 4 5896 0.23 100 6.2 23.1
   5 5 2732 0.246 122 6.2 3
   6 6 3998 0.215 99 6.6 33.1
   7 7 3635 0.221 101 7.2 41.8
   8 8 9496 0.254 104 6.7 29.5
   9 9 3235 0.225 56 6.1 65.3
   10 10 5718 0.226 109 6.4 19.9
   11 11 631 0.217 107 6.9 31
   12 12 6557 0.244 109 6.4 18.6
   13 13 3275 0.247 106 6.4 22
   14 14 3492 0.242 105 6.4 23.9
   15 15 5524 0.257 104 6.4 23.4
   16 16 7782 0.212 102 6.6 28.8
   17 17 4121 0.23 101 6.2 23.2
   18 18 6699 0.233 105 6.2 18.8
   19 19 2174 0.257 107 6.4 21.7
   20 20 6489 0.239 107 6.2 15.9
   21 21 7074 0.214 98 6.3 28.4
   22 22 1306 0.237 84 7.3 62.1
   23 23 6415 0.239 93 6.8 42.1
   24 24 740 0.221 114 6.6 18.6
   25 25 3994 0.226 106 6.2 18.5
   26 26 7986 0.216 101 6.2 23
   27 27 3488 0.226 105 6.3 21.9
   28 28 8848 0.217 101 6.2 22.5
   29 29 742 0.221 113 6.3 12.6
   30 30 101 0.239 108 6.4 20.2
   31 31 3567 0.243 103 6.7 30.9
   32 32 6261 0.224 99 6.7 33.9
   33 33 7293 0.213 101 6.4 28
   34 34 6214 0.253 105 6.1 17.2
   35 35 6098 0.215 109 6.4 19.2
   36 36 6886 0.229 100 6.5 29.4
   37 37 6266 0.214 105 6.2 19
   38 38 5793 0.239 106 6.2 18.7
   39 39 3726 0.224 116 6.7 18.2
   40 40 7997 0.255 94 6.7 39.6
   41 41 5358 0.232 99 6.4 28
   42 42 3360 0.252 135 7.3 10.3
