
                             #ME234_2 number 228.

#02-DEC-2014 , 22:39:18 (Geneva time)

   #N AFEB pos. AFEB num. Int.cap.(pF) U(mv)20fc Gain Offset
   1 1 5736 0.251 72 7.1 70.9
   2 2 10153 0.238 101 7.2 43.7
   3 3 10181 0.233 99 6.9 39.3
   4 4 5425 0.23 90 6.6 41.8
   5 5 10092 0.222 116 7.1 25.9
   6 6 5462 0.243 60 6.8 75.1
   7 7 10059 0.214 119 6.9 18.7
   8 8 5514 0.236 72 6.9 65.4
   9 9 10124 0.261 113 6.9 23.7
   10 10 10045 0.231 88 7.1 53.5
   11 11 10264 0.242 103 7.4 45.4
   12 12 10082 0.273 103 6.6 28.4
   13 13 10180 0.252 96 7 42.8
   14 14 10295 0.241 113 7.2 30.5
   15 15 10200 0.223 100 6.7 34.2
   16 16 10131 0.217 92 7 47.8
   17 17 590 0.31 94 6.6 38.3
   18 18 800 0.323 111 6.5 18
   19 19 10147 0.236 108 6.9 29.9
   20 20 743 0.313 107 6.4 21.8
   21 21 10293 0.234 105 7.2 39.1
   22 22 10119 0.233 86 7.6 66.4
   23 23 10056 0.232 98 6.9 41
   24 24 10240 0.253 100 6.6 32.6
