
                               #ME1_2 number 51.

#02-DEC-2014 , 22:14:49 (Geneva time)

   #N AFEB pos. AFEB num. Int.cap.(pF) U(mv)20fc Gain Offset
   1 1 6659 0.267 41 6.4 86
   2 2 6110 0.233 76 6.7 58.9
   3 3 9243 0.242 80 7.2 64.5
   4 4 6113 0.248 84 7.2 60.5
   5 5 6566 0.251 98 7 42.1
   6 6 9311 0.211 63 6.9 75
   7 7 1040 0.241 109 6.8 27.1
   8 8 1094 0.238 101 6.8 35
   9 9 887 0.23 82 6.8 52.9
   10 10 741 0.241 57 6.8 79.4
   11 11 746 0.254 77 6.8 58.8
   12 12 2568 0.215 100 7.1 42.3
   13 13 893 0.296 87 6.9 51.9
   14 14 1451 0.227 70 6.2 53.3
   15 15 3108 0.241 64 6.7 71.2
   16 16 2963 0.204 105 7.2 38.8
   17 17 867 0.277 105 6.7 28.5
   18 18 3091 0.214 57 7.2 87.1
   19 19 2868 0.213 80 6.8 57
   20 20 137 0.232 90 6.9 47.7
   21 21 817 0.239 72 6.7 63
   22 22 888 0.241 108 6.8 29.3
   23 23 1052 0.291 116 6.6 16.1
   24 24 809 0.244 105 6.9 33.1
