
                             #ME234_2 number 146.

#02-DEC-2014 , 22:15:30 (Geneva time)

   #N AFEB pos. AFEB num. Int.cap.(pF) U(mv)20fc Gain Offset
   1 1 11944 0.221 112 6.9 27.3
   2 2 11936 0.223 99 7 41.2
   3 3 11974 0.248 88 7.1 53.9
   4 4 12103 0.22 109 6.7 24.9
   5 5 12000 0.255 110 6.8 26.2
   6 6 11919 0.247 108 6.6 24
   7 7 11977 0.234 99 7 40.4
   8 8 12012 0.208 110 7 30.4
   9 9 11923 0.254 100 6.7 34
   10 10 12035 0.257 100 7 38.7
   11 11 11814 0.232 75 6.8 61.4
   12 12 12028 0.236 97 6.9 41
   13 13 11817 0.225 135 7 5.7
   14 14 12020 0.248 124 7.1 17.9
   15 15 12037 0.215 121 6.8 14.6
   16 16 11935 0.24 107 7 33
   17 17 12142 0.217 99 6.9 38.7
   18 18 11574 0.217 107 6.9 30.2
   19 19 11969 0.263 100 6.9 38.2
   20 20 11997 0.244 61 6.9 76.5
   21 21 12105 0.223 111 7.5 39.3
   22 22 11227 0.227 74 6.8 61.4
   23 23 12193 0.262 93 7 46.2
   24 24 11221 0.259 116 7.1 25.2
