
                              #ME234_2 number 26.

#02-DEC-2014 , 22:15:12 (Geneva time)

   #N AFEB pos. AFEB num. Int.cap.(pF) U(mv)20fc Gain Offset
   1 1 491 0.251 79 6.6 53
   2 2 820 0.255 121 6.9 17.3
   3 3 611 0.254 103 6.8 34.3
   4 4 88 0.236 118 7 22.2
   5 5 24 0.248 132 7.2 12.9
   6 6 113 0.272 108 6.8 28.5
   7 7 835 0.251 128 6.9 9.7
   8 8 1026 0.241 117 7 24
   9 9 520 0.252 90 6.8 45.2
   10 10 1047 0.245 123 7.1 17.7
   11 11 106 0.241 102 7.5 48.5
   12 12 429 0.262 119 6.8 16
   13 13 263 0.25 89 7.2 54.3
   14 14 528 0.258 73 7.2 70.5
   15 15 1078 0.24 96 7 43.4
   16 16 281 0.235 110 7.4 38.2
   17 17 625 0.233 113 7.3 33.1
   18 18 638 0.266 112 7.1 30.1
   19 19 488 0.247 135 7 4.8
   20 20 600 0.237 126 6.8 10.6
   21 21 467 0.257 85 6.8 50
   22 22 442 0.248 103 6.7 31.8
   23 23 850 0.236 91 6.8 45.9
   24 24 61 0.237 107 7.2 36.1
