
                               #ME3_1 number 34.

#02-DEC-2014 , 22:15:36 (Geneva time)

   #N AFEB pos. AFEB num. Int.cap.(pF) U(mv)20fc Gain Offset
   1 1 3812 0.227 81 7.1 61.5
   2 2 9795 0.231 82 7.3 64.6
   3 3 4115 0.247 103 7.1 39.6
   4 4 4072 0.233 100 7.1 40.7
   5 5 3682 0.262 89 6.7 44.8
   6 6 4359 0.217 82 6.5 48.6
   7 7 8644 0.239 76 7.3 69.2
   8 8 4079 0.242 67 6.8 69.2
   9 9 3956 0.225 82 7 58.3
   10 10 8585 0.238 109 6.6 22.4
   11 11 9786 0.24 90 7.2 53.5
   12 12 9732 0.238 74 6.1 48.4
   13 13 8706 0.237 65 7.2 78.3
   14 14 4065 0.238 61 6.9 77.2
   15 15 3952 0.263 57 7.2 88.3
   16 16 8517 0.25 68 6.7 66.2
   17 17 3688 0.266 66 6.4 62.9
   18 18 3827 0.209 75 7.2 69.1
   19 19 8602 0.246 80 7.1 61.6
   20 20 3824 0.237 63 6.9 75.2
   21 21 4184 0.242 80 6.9 58.8
   22 22 4157 0.233 89 6.9 49.7
   23 23 4153 0.253 66 7.1 75.9
   24 24 4343 0.245 92 6.9 45.6
   25 25 8710 0.248 67 7 73.1
   26 26 3712 0.247 68 6.6 62.9
   27 27 4355 0.248 67 7.3 79.7
   28 28 8700 0.233 61 6.6 71.6
   29 29 3833 0.218 63 6.8 72.3
   30 30 3855 0.23 88 6.8 48
   31 31 8724 0.227 82 7 58.3
   32 32 4348 0.247 58 6.8 78.9
   33 33 3834 0.232 74 7.1 67.7
   34 34 8510 0.244 74 6.9 64.6
   35 35 9778 0.231 60 7 79.5
   36 36 4096 0.239 50 7.1 91.4
