
                              #ME234_2 number 16.

#02-DEC-2014 , 22:15:11 (Geneva time)

   #N AFEB pos. AFEB num. Int.cap.(pF) U(mv)20fc Gain Offset
   1 1 2834 0.249 88 6.9 50.1
   2 2 2796 0.209 91 7.3 55.9
   3 3 1377 0.267 70 6.4 59.5
   4 4 2817 0.222 64 7.1 77.7
   5 5 2879 0.233 86 7 53.4
   6 6 2776 0.243 71 6.4 56.3
   7 7 2370 0.228 63 6.9 74.7
   8 8 1343 0.292 69 6.9 69.4
   9 9 2433 0.228 80 6.9 58.3
   10 10 276 0.289 79 6.5 50.7
   11 11 1587 0.223 69 6.2 54.8
   12 12 1689 0.227 89 7.1 52.9
   13 13 799 0.286 85 6.8 51.8
   14 14 594 0.283 53 6.6 79.5
   15 15 1284 0.23 69 7.3 76.5
   16 16 1035 0.236 84 7 56.1
   17 17 1363 0.21 68 7.1 74.8
   18 18 968 0.264 89 7.1 53.5
   19 19 557 0.288 85 6.8 50.8
   20 20 1162 0.24 81 7.2 62.7
   21 21 3551 0.238 63 7.5 87.1
   22 22 427 0.282 75 6.7 59.5
   23 23 1353 0.228 80 6.6 51.2
   24 24 65 0.298 81 6.8 55.4
