
                              #ME234_2 number 42.

#02-DEC-2014 , 22:15:14 (Geneva time)

   #N AFEB pos. AFEB num. Int.cap.(pF) U(mv)20fc Gain Offset
   1 1 2442 0.224 86 6.8 49.3
   2 2 3240 0.231 94 6.9 44.5
   3 3 2962 0.234 97 7.1 45.2
   4 4 3013 0.208 93 6.9 45.3
   5 5 3641 0.241 83 6.4 44.7
   6 6 166 0.242 97 7.2 46.1
   7 7 1822 0.236 102 7.3 44.4
   8 8 1474 0.239 81 6.2 42.6
   9 9 2906 0.24 91 6.9 46.6
   10 10 4253 0.249 98 6.5 32
   11 11 218 0.231 103 6.9 34.5
   12 12 2581 0.221 92 7 47.9
   13 13 3468 0.216 89 6.8 47.1
   14 14 303 0.272 102 6.9 35.4
   15 15 3418 0.225 112 7.3 35.1
   16 16 2851 0.246 99 6.6 33.4
   17 17 406 0.247 87 6.7 47.5
   18 18 2567 0.221 99 6.8 37.8
   19 19 262 0.249 100 6.7 34
   20 20 39 0.288 99 6.7 34.8
   21 21 1818 0.245 95 7.2 47.8
   22 22 701 0.249 96 6.9 41.8
   23 23 642 0.254 109 7 30.7
   24 24 364 0.243 96 7.1 45.3
