
                               #ME1_2 number 12.

#02-DEC-2014 , 22:14:43 (Geneva time)

   #N AFEB pos. AFEB num. Int.cap.(pF) U(mv)20fc Gain Offset
   1 1 4747 0.203 83 7.2 61.6
   2 2 4851 0.211 62 6.9 76.6
   3 3 4877 0.244 82 6.9 56.5
   4 4 4760 0.229 79 7.3 67.7
   5 5 4774 0.226 62 6.9 76.1
   6 6 6442 0.249 54 7 85.1
   7 7 5803 0.247 66 7.1 74.9
   8 8 5923 0.221 47 6.7 87.2
   9 9 6936 0.248 87 7 53.6
   10 10 5842 0.211 103 7.1 38.5
   11 11 7213 0.232 77 6.6 56
   12 12 5799 0.206 74 7 65.9
   13 13 6370 0.223 75 7.1 67.7
   14 14 5934 0.202 123 7.1 19.4
   15 15 6855 0.24 85 7.2 60.2
   16 16 5801 0.211 61 7 79.5
   17 17 5939 0.241 81 6.5 48.2
   18 18 5868 0.238 62 6.7 72.5
   19 19 5899 0.242 89 7 51.9
   20 20 5871 0.235 77 7.1 64.1
   21 21 5069 0.222 73 7 66.7
   22 22 6942 0.241 73 6.9 64.5
   23 23 6530 0.219 89 6.8 47.1
   24 24 5835 0.246 91 6.6 41.2
