
                             #ME234_2 number 125.

#02-DEC-2014 , 22:15:27 (Geneva time)

   #N AFEB pos. AFEB num. Int.cap.(pF) U(mv)20fc Gain Offset
   1 1 5144 0.25 58 6.5 72.4
   2 2 4453 0.24 57 7 81.9
   3 3 9591 0.25 110 6.3 16.9
   4 4 11942 0.246 105 6.7 29.8
   5 5 3821 0.248 93 7 46.1
   6 6 4267 0.238 73 6.7 60.2
   7 7 4273 0.254 83 6.6 49.4
   8 8 5199 0.253 94 7.1 48.7
   9 9 4509 0.209 71 7.3 75.7
   10 10 4234 0.233 76 7.2 68.3
   11 11 4456 0.262 89 6.8 46.5
   12 12 4390 0.282 107 6.5 22.6
   13 13 4408 0.231 63 6.7 70.8
   14 14 4494 0.249 77 6.7 57.2
   15 15 4475 0.249 72 6.5 58.2
   16 16 4258 0.249 82 6.5 47.9
   17 17 4429 0.233 68 6.7 65.9
   18 18 4217 0.225 73 7.4 75.4
   19 19 4200 0.223 92 7 47.8
   20 20 4270 0.267 65 7.2 78.7
   21 21 4459 0.226 49 6.4 79.1
   22 22 4470 0.237 122 6.9 16.1
   23 23 4233 0.247 87 6.5 42.8
   24 24 3700 0.254 70 6.3 56.7
