
                             #ME234_2 number 108.

#02-DEC-2014 , 22:15:24 (Geneva time)

   #N AFEB pos. AFEB num. Int.cap.(pF) U(mv)20fc Gain Offset
   1 1 9541 0.251 93 6.6 38.7
   2 2 9504 0.214 91 7.2 52.5
   3 3 2791 0.243 70 6.5 58.9
   4 4 9394 0.243 75 7.3 71.8
   5 5 9652 0.23 73 7.2 70
   6 6 3397 0.211 45 6.2 79.3
   7 7 9587 0.231 56 6.9 82.2
   8 8 9588 0.238 83 6.1 39
   9 9 9626 0.233 125 7.1 17.6
   10 10 9650 0.238 55 6.5 75.1
   11 11 9631 0.226 78 7.2 66.5
   12 12 9645 0.293 61 6.5 69.2
   13 13 9403 0.233 50 6.4 77
   14 14 9654 0.227 65 6.3 60.9
   15 15 3373 0.254 89 7 51.1
   16 16 9452 0.222 83 7 56.6
   17 17 9532 0.237 69 6.7 65.7
   18 18 9500 0.244 71 6.2 54.1
   19 19 9481 0.217 75 7.2 68.6
   20 20 9401 0.243 97 6.8 38.4
   21 21 9517 0.2 102 7.2 41.4
   22 22 9385 0.235 69 7 70.7
   23 23 9383 0.261 95 6.9 44.5
   24 24 9487 0.22 64 6.5 65.8
