
                               #ME4_1 number 33.

#02-DEC-2014 , 22:15:43 (Geneva time)

   #N AFEB pos. AFEB num. Int.cap.(pF) U(mv)20fc Gain Offset
   1 1 10927 0.245 109 7 30.4
   2 2 10888 0.25 97 6.8 39.4
   3 3 11034 0.231 104 7.1 38.1
   4 4 10993 0.228 99 6.8 37.9
   5 5 11044 0.229 128 6.9 10.8
   6 6 10987 0.265 107 6.9 31.3
   7 7 10788 0.233 100 7.1 41.6
   8 8 10650 0.241 118 6.7 16.5
   9 9 10616 0.226 98 6.9 39.4
   10 10 10587 0.236 129 7.3 16.6
   11 11 10711 0.242 115 6.5 15.7
   12 12 10894 0.22 97 7 43.3
   13 13 11538 0.208 109 7 30.5
   14 14 10990 0.207 114 7.3 31.5
   15 15 10435 0.231 121 6.8 14.8
   16 16 10790 0.224 109 6.8 25.7
   17 17 10917 0.255 97 6.7 37.9
   18 18 10690 0.244 100 7.3 46.9
   19 19 10423 0.266 105 6.5 24.4
   20 20 10876 0.23 112 7.3 33.8
   21 21 10811 0.216 111 6.8 24.9
   22 22 10686 0.236 97 7.4 50.7
   23 23 10970 0.234 83 7.5 67.4
   24 24 10891 0.242 109 7.3 37.3
   25 25 10935 0.214 99 7 40.4
   26 26 10905 0.245 106 6.3 20.2
   27 27 10907 0.243 101 6.6 30.4
   28 28 10707 0.254 105 7.1 36
   29 29 10672 0.234 103 6.9 35.7
   30 30 10944 0.226 105 6.9 34.4
   31 31 10577 0.251 85 7.9 73.6
   32 32 10451 0.236 104 6.7 30.5
   33 33 10737 0.243 103 6.6 29.5
   34 34 10770 0.23 116 6.9 22.3
   35 35 10693 0.227 90 7.3 56.8
   36 36 10736 0.232 102 6.7 32.6
