
                             #ME234_2 number 111.

#02-DEC-2014 , 22:15:25 (Geneva time)

   #N AFEB pos. AFEB num. Int.cap.(pF) U(mv)20fc Gain Offset
   1 1 8041 0.233 56 7.1 86.4
   2 2 8429 0.233 83 7.2 60.6
   3 3 7889 0.258 83 7.2 61.6
   4 4 8535 0.288 104 6.4 23.8
   5 5 8365 0.238 79 6.6 53.6
   6 6 3933 0.225 69 7.2 74.6
   7 7 8752 0.241 70 7 70
   8 8 8884 0.217 60 7.1 81.2
   9 9 8495 0.258 80 6.4 49.1
   10 10 7905 0.237 72 6.9 65.6
   11 11 8857 0.207 72 6.9 67
   12 12 8839 0.234 72 7 68.2
   13 13 8820 0.233 85 7.3 60.1
   14 14 8676 0.252 45 6.8 90.8
   15 15 8758 0.216 100 7.2 43
   16 16 3736 0.241 93 7 46.1
   17 17 8662 0.245 79 6.5 52.2
   18 18 8939 0.247 72 7.1 70.7
   19 19 3963 0.256 93 6.4 35.5
   20 20 7142 0.235 84 7.2 58.6
   21 21 5305 0.241 81 7 59
   22 22 5296 0.237 69 6.7 64.9
   23 23 8950 0.222 60 6.9 77.9
   24 24 5394 0.241 63 6.8 72.4
