
                             #ME234_2 number 239.

#02-DEC-2014 , 22:39:18 (Geneva time)

   #N AFEB pos. AFEB num. Int.cap.(pF) U(mv)20fc Gain Offset
   1 1 12080279 0.2094 76.11 6.83 60.43
   2 2 12080124 0.2355 99.5 6.39 28.33
   3 3 12080331 0.2232 129.52 6.91 8.76
   4 4 12080655 0.2366 48.07 7.02 92.31
   5 5 12080695 0.2295 90.11 6.49 39.73
   6 6 12080437 0.2609 41.66 7.29 104.06
   7 7 12080321 0.212 39.81 6.77 95.68
   8 8 12080725 0.2152 76.27 7.13 66.27
   9 9 12080560 0.2451 88.1 6.95 50.93
   10 10 12080089 0.2084 94.71 7.17 48.71
   11 11 12080020 0.2075 94.81 7.27 50.62
   12 12 12080059 0.2064 106.27 7.13 36.25
   13 13 12080495 0.2094 90.04 6.88 47.55
   14 14 12080625 0.2461 63.35 6.5 66.65
   15 15 12080588 0.2183 86.77 7.03 53.85
   16 16 12080061 0.2119 109.89 7.31 36.39
   17 17 12080518 0.2198 94.64 7.18 49.03
   18 18 12080607 0.205 97.01 6.91 41.22
   19 19 12080619 0.1993 93.82 7.06 47.48
   20 20 4125 0.245 80 6.7 53.5
   21 21 12051 0.238 69 6.1 52.7
   22 22 12080602 0.198 113.17 6.87 24.25
   23 23 12080481 0.2249 74 7.36 73.22
   24 24 12080504 0.1917 101.38 7.09 40.39
