
                             #ME234_2 number 238.

#02-DEC-2014 , 22:39:20 (Geneva time)

   #N AFEB pos. AFEB num. Int.cap.(pF) U(mv)20fc Gain Offset
   1 1 12080252 0.2331 72.1 7.1 69.95
   2 2 12080135 0.2632 52.53 7.13 90.11
   3 3 12080507 0.2227 93.15 6.83 43.49
   4 4 12080385 0.209 90.08 6.96 49.05
   5 5 12080182 0.2032 96.25 7.27 49.14
   6 6 12080506 0.2005 106.86 7.08 34.79
   7 7 12080189 0.2249 63.52 7.05 77.41
   8 8 12080036 0.2767 97.05 6.81 39.07
   9 9 12080344 0.2419 65.26 6.74 69.46
   10 10 12080130 0.2358 54.9 7.02 85.52
   11 11 12080472 0.2252 71.79 7.11 70.34
   12 12 12080230 0.2094 83.63 6.97 55.75
   13 13 12080075 0.1961 93.06 7.15 49.97
   14 14 12080251 0.2347 77.84 6.7 56.22
   15 15 12080083 0.2222 113.16 7.04 27.62
   16 16 12080108 0.2375 95.75 6.55 35.2
   17 17 12080114 0.2212 76.47 7.1 65.61
   18 18 11052 0.229 122 7.3 24.2
   19 19 10227 0.236 108 6.6 24.6
   20 20 12080629 0.264 72.95 6.58 58.71
   21 21 12080308 0.223 71.5 7 68.44
   22 22 12080724 0.1983 82.68 7.18 60.83
   23 23 12080615 0.2377 54.47 7.04 86.41
   24 24 12080315 0.2296 76.85 6.75 58.18
