
                              #ME234_2 number 28.

#02-DEC-2014 , 22:15:12 (Geneva time)

   #N AFEB pos. AFEB num. Int.cap.(pF) U(mv)20fc Gain Offset
   1 1 2848 0.235 90 7.2 54.5
   2 2 2844 0.238 69 6.9 69
   3 3 2862 0.228 121 7.1 20.5
   4 4 3475 0.266 83 6.9 54.9
   5 5 3580 0.245 112 6.7 21.3
   6 6 4291 0.201 80 6.9 57.9
   7 7 2889 0.239 82 7.3 64.3
   8 8 3206 0.218 78 7.1 64.9
   9 9 2964 0.221 75 7.1 67.1
   10 10 21 0.23 107 6.8 30.1
   11 11 3669 0.231 57 6.5 73
   12 12 449 0.238 71 6.8 64.4
   13 13 1567 0.218 59 7.1 83.9
   14 14 3291 0.213 101 7 37.8
   15 15 1802 0.234 80 7.1 62.8
   16 16 3516 0.249 90 7 50.5
   17 17 2916 0.214 135 7.5 15.5
   18 18 3540 0.254 84 7.1 58
   19 19 964 0.228 108 6.8 27.8
   20 20 2807 0.231 112 6.9 26.9
   21 21 3071 0.246 101 7.3 46.5
   22 22 3456 0.232 101 6.2 23.3
   23 23 2386 0.25 77 6.6 55.7
   24 24 3027 0.221 111 6.9 27.1
