
                               #ME1_2 number 5.

#02-DEC-2014 , 22:14:42 (Geneva time)

   #N AFEB pos. AFEB num. Int.cap.(pF) U(mv)20fc Gain Offset
   1 1 4867 0.21 84 7 55.4
   2 2 4868 0.23 85 6.7 47.9
   3 3 4776 0.222 70 7.1 71.4
   4 4 6724 0.223 94 6.4 34.4
   5 5 6538 0.235 60 6.8 76.3
   6 6 4740 0.232 72 7.2 70.8
   7 7 6938 0.252 89 6.9 47.8
   8 8 6479 0.239 65 7.1 77.3
   9 9 6868 0.224 77 7.2 66.8
   10 10 6927 0.216 72 7 68.4
   11 11 5869 0.237 64 6.8 71.7
   12 12 6931 0.238 87 7 52.7
   13 13 6937 0.229 72 6.9 67.1
   14 14 5874 0.25 96 6.6 35.3
   15 15 6468 0.248 72 6.9 66.2
   16 16 6759 0.239 61 6.8 74.1
   17 17 6867 0.219 52 6.4 76.7
   18 18 6520 0.24 83 6.2 40.9
   19 19 6805 0.266 66 6.7 67
   20 20 6876 0.219 55 7.1 85.9
   21 21 5798 0.245 71 6.9 67.5
   22 22 6934 0.247 88 6.7 47.2
   23 23 5074 0.208 110 7.4 37.7
   24 24 5921 0.235 89 7.3 56.1
