
                               #ME1_2 number 46.

#02-DEC-2014 , 22:14:48 (Geneva time)

   #N AFEB pos. AFEB num. Int.cap.(pF) U(mv)20fc Gain Offset
   1 1 6108 0.245 96 6.1 25.1
   2 2 6138 0.225 97 6.8 39.4
   3 3 6509 0.234 93 6.4 35.3
   4 4 6581 0.237 70 6.7 64.5
   5 5 6595 0.245 56 6.4 70.8
   6 6 6229 0.217 77 7.1 63.5
   7 7 5636 0.212 86 6.7 48.5
   8 8 3133 0.286 95 7.1 46.1
   9 9 3400 0.24 66 6.4 62
   10 10 7667 0.257 81 7.3 64.7
   11 11 8899 0.22 94 6.9 43.8
   12 12 5205 0.21 46 6.9 91.2
   13 13 1460 0.201 83 7.1 58.6
   14 14 4154 0.26 86 6.6 46.1
   15 15 5183 0.246 49 6.6 82.5
   16 16 5900 0.229 89 6.9 50.4
   17 17 5813 0.203 91 7.4 57
   18 18 8574 0.236 92 6.9 46.1
   19 19 8754 0.25 43 7.1 98.7
   20 20 8473 0.261 64 7.3 82.5
   21 21 4391 0.239 49 6.9 88.5
   22 22 1546 0.213 80 6.8 55.1
   23 23 5230 0.219 63 6.7 70.4
   24 24 1758 0.222 62 6.2 61.5
