
                             #ME234_2 number 112.

#02-DEC-2014 , 22:15:25 (Geneva time)

   #N AFEB pos. AFEB num. Int.cap.(pF) U(mv)20fc Gain Offset
   1 1 8285 0.252 77 6.3 48.5
   2 2 8609 0.25 73 7 68.1
   3 3 8877 0.261 88 6.8 48.5
   4 4 8553 0.235 73 6.7 60.9
   5 5 7931 0.237 85 7.5 64.8
   6 6 8004 0.224 69 6.4 58.4
   7 7 8384 0.25 81 7.1 59.9
   8 8 8092 0.233 98 6.7 35.4
   9 9 8540 0.252 78 7 60.8
   10 10 4042 0.213 79 7.1 62.9
   11 11 8090 0.218 89 6.9 48.3
   12 12 8210 0.211 81 7.2 63.2
   13 13 8095 0.212 75 6.8 60.8
   14 14 8128 0.242 78 6.1 43.4
   15 15 7948 0.259 116 6.7 18.4
   16 16 9254 0.231 52 7.4 96.9
   17 17 8496 0.237 64 6.9 75.1
   18 18 9263 0.224 93 7.2 50.2
   19 19 3896 0.235 91 6.9 47.5
   20 20 8525 0.264 89 6.5 40.6
   21 21 8093 0.249 79 7 61.1
   22 22 8298 0.234 85 7.1 56.8
   23 23 8902 0.256 82 7.2 61.8
   24 24 8343 0.27 66 6.8 70.4
