
                              #ME234_2 number 55.

#02-DEC-2014 , 22:15:16 (Geneva time)

   #N AFEB pos. AFEB num. Int.cap.(pF) U(mv)20fc Gain Offset
   1 1 1765 0.242 87 6.8 49.8
   2 2 1721 0.241 75 6.1 47.4
   3 3 7309 0.219 79 6.2 44.3
   4 4 2808 0.249 96 7.2 49.2
   5 5 4286 0.23 110 7.1 31.4
   6 6 2971 0.235 114 7.4 34.6
   7 7 1576 0.251 98 6.9 40.6
   8 8 4241 0.241 94 6.8 41.2
   9 9 7181 0.238 95 7.2 49.1
   10 10 1243 0.233 103 7 36.6
   11 11 1843 0.297 92 6.5 39
   12 12 1712 0.234 94 6.6 38.7
   13 13 1714 0.219 90 6 30.3
   14 14 1720 0.226 77 6.2 47.5
   15 15 1597 0.232 89 6.7 45.7
   16 16 1602 0.218 95 7.1 46.6
   17 17 4404 0.278 96 6.4 31.1
   18 18 7345 0.228 97 6.5 33.2
   19 19 3434 0.242 97 6.9 41.5
   20 20 7638 0.251 91 6.8 45.3
   21 21 3583 0.215 95 6.8 41.3
   22 22 1740 0.226 88 6.4 38.8
   23 23 4250 0.217 89 6.9 49
   24 24 323 0.282 86 6.6 45.8
