
                               #ME3_1 number 15.

#02-DEC-2014 , 22:15:33 (Geneva time)

   #N AFEB pos. AFEB num. Int.cap.(pF) U(mv)20fc Gain Offset
   1 1 1116 0.202 58 7.2 85.4
   2 2 810 0.29 99 6.8 37.2
   3 3 143 0.233 126 7.3 20
   4 4 383 0.278 116 6.7 17.3
   5 5 640 0.232 97 6.8 40.3
   6 6 160 0.259 61 6.9 77.4
   7 7 25 0.269 72 6.9 65.6
   8 8 1218 0.235 81 7.3 64.5
   9 9 1209 0.247 77 7.2 67
   10 10 148 0.236 82 7 58.9
   11 11 435 0.247 94 6.9 44.5
   12 12 735 0.239 93 6.9 45.2
   13 13 450 0.252 122 7 18.2
   14 14 765 0.28 121 6.6 11.7
   15 15 285 0.284 119 6.8 16.5
   16 16 197 0.237 103 6.7 31.9
   17 17 8 0.25 96 7.1 45.3
   18 18 1096 0.227 106 7.1 35.8
   19 19 462 0.239 101 7.1 39.9
   20 20 1185 0.245 75 6.8 61.6
   21 21 130 0.234 136 7.4 12
   22 22 430 0.232 88 6.7 46.3
   23 23 388 0.238 106 6.9 31.8
   24 24 671 0.267 119 7.1 22.3
   25 25 170 0.237 124 6.8 12.7
   26 26 1135 0.24 91 6.7 43.4
   27 27 367 0.292 61 6.8 76.1
   28 28 1676 0.243 78 7.3 69
   29 29 154 0.235 110 7.2 34.5
   30 30 713 0.248 89 7.1 52.3
   31 31 1296 0.293 77 6.9 61.2
   32 32 454 0.243 98 6.9 40
   33 33 306 0.242 85 6.8 51.6
   34 34 708 0.228 133 7.1 9.3
   35 35 1365 0.219 114 7.2 30.3
   36 36 1059 0.24 80 6.9 58.6
