
                               #ME1_2 number 18.

#02-DEC-2014 , 22:14:44 (Geneva time)

   #N AFEB pos. AFEB num. Int.cap.(pF) U(mv)20fc Gain Offset
   1 1 8126 0.234 72 7.3 75.2
   2 2 8145 0.243 80 6.7 55.1
   3 3 9144 0.239 76 6.8 61
   4 4 6321 0.244 75 7.4 73.4
   5 5 8125 0.26 52 6.5 77.8
   6 6 6406 0.289 83 6.5 46.6
   7 7 8603 0.239 55 7.1 86.3
   8 8 7550 0.227 104 7.3 42.3
   9 9 7523 0.252 55 7.2 89.3
   10 10 7521 0.261 65 6.8 72.1
   11 11 7485 0.218 84 6.8 52.8
   12 12 7486 0.249 73 7.7 82
   13 13 7561 0.234 79 7 62.3
   14 14 7515 0.228 77 7 63.2
   15 15 7534 0.239 78 7 62.4
   16 16 8834 0.247 86 7.3 59.6
   17 17 8863 0.219 77 6.9 60.6
   18 18 1423 0.232 62 6.2 60.8
   19 19 8818 0.236 105 7.3 41.1
   20 20 7492 0.215 50 7 91
   21 21 8905 0.264 70 6.7 64.8
   22 22 7619 0.222 57 6.9 82.3
   23 23 7470 0.231 95 7.1 47.1
   24 24 8842 0.212 81 7 59.4
