
                               #ME2_1 number 23.

#02-DEC-2014 , 22:15:05 (Geneva time)

   #N AFEB pos. AFEB num. Int.cap.(pF) U(mv)20fc Gain Offset
   1 1 2222 0.209 93 7.2 52.5
   2 2 2176 0.229 74 7.1 67.7
   3 3 2718 0.238 73 7 67.3
   4 4 1991 0.238 83 7 56.3
   5 5 4664 0.254 82 6.9 55.2
   6 6 2021 0.247 68 7.2 76.7
   7 7 4653 0.246 83 6.9 54.8
   8 8 2071 0.225 87 7.2 57.5
   9 9 2733 0.232 59 6.8 77.3
   10 10 2093 0.214 100 6.7 35.1
   11 11 2269 0.23 98 6.3 28.8
   12 12 4718 0.245 54 7 85
   13 13 2235 0.207 82 6.9 55.8
   14 14 2210 0.232 79 7 61.4
   15 15 2277 0.23 74 6.3 51.9
   16 16 2118 0.213 116 6.9 22.8
   17 17 2010 0.241 86 7.2 57.6
   18 18 2267 0.225 76 6.2 48.4
   19 19 2233 0.23 78 7.1 63.3
   20 20 2213 0.236 104 7 36.3
   21 21 1896 0.212 69 7.1 72
   22 22 2271 0.226 96 6.5 34
   23 23 1994 0.223 89 7.1 53.2
   24 24 2198 0.234 99 6.9 40.4
   25 25 2228 0.264 81 7.2 63.2
   26 26 2209 0.224 82 7.4 66.5
   27 27 2139 0.255 73 7.2 72.3
   28 28 2046 0.21 94 6.7 39.1
   29 29 2251 0.219 117 7 21.8
   30 30 2038 0.228 101 7.1 41
   31 31 1890 0.24 91 7 50.1
   32 32 2044 0.223 83 7 56.6
   33 33 1975 0.234 91 7.1 50.6
   34 34 2226 0.238 95 6.8 41
   35 35 2041 0.221 73 7 66.5
   36 36 1917 0.231 83 6.4 44.4
   37 37 2212 0.225 66 7.1 76.5
   38 38 2099 0.227 106 7.3 40.1
   39 39 2011 0.209 104 6.9 35.2
   40 40 4706 0.254 48 7.1 93.2
   41 41 2187 0.244 78 7.1 64.2
   42 42 4606 0.251 85 6.8 51.2
