
                               #ME1_3 number 7.

#02-DEC-2014 , 22:14:53 (Geneva time)

   #N AFEB pos. AFEB num. Int.cap.(pF) U(mv)20fc Gain Offset
   1 1 4968 0.256 58 7.4 90.7
   2 2 6676 0.201 93 7.2 49.8
   3 3 6332 0.212 73 6.8 63
   4 4 6443 0.274 41 6.9 96.6
   5 5 4804 0.256 76 7.7 77.6
   6 6 6603 0.275 84 6.2 39.7
   7 7 6765 0.233 59 7 80.7
   8 8 7900 0.203 73 7 66.5
   9 9 6334 0.244 53 6.8 82.8
   10 10 2690 0.235 76 7.3 70.2
   11 11 5009 0.239 68 6.5 61
   12 12 6560 0.216 75 7 64.5
