
                             #ME234_2 number 219.

#02-DEC-2014 , 22:39:14 (Geneva time)

   #N AFEB pos. AFEB num. Int.cap.(pF) U(mv)20fc Gain Offset
   1 1 6278 0.25 75 7.5 75.7
   2 2 9096 0.274 72 6.8 65
   3 3 8989 0.223 74 6.6 57.3
   4 4 6885 0.202 56 7.2 88.2
   5 5 10838 0.239 83 6.8 52.6
   6 6 6072 0.218 30 6.6 101.5
   7 7 4345 0.25 72 6.8 65
   8 8 7460 0.232 69 6.6 63.7
   9 9 4360 0.238 60 6.9 78
   10 10 9195 0.233 52 6.9 86
   11 11 11558 0.241 68 6.8 69.5
   12 12 5740 0.228 89 7 52.1
   13 13 2921 0.272 59 7.1 82.8
   14 14 5346 0.233 99 6.8 37.8
   15 15 8635 0.232 64 7.1 78.3
   16 16 11740 0.223 117 6.9 20.3
   17 17 9790 0.309 79 6.6 52.2
   18 18 6939 0.234 49 7.3 98.3
   19 19 4230 0.247 79 6.8 55.6
   20 20 5128 0.22 88 6.3 38.3
   21 21 10692 0.23 108 6.6 23.9
   22 22 12080407 0.1957 109.67 6.99 30.08
   23 23 8579 0.222 76 6.5 54.7
   24 24 3417 0.232 93 6.4 35.1
