
                               #ME4_1 number 19.

#02-DEC-2014 , 22:15:40 (Geneva time)

   #N AFEB pos. AFEB num. Int.cap.(pF) U(mv)20fc Gain Offset
   1 1 11091 0.233 100 7 40.2
   2 2 10887 0.213 108 7 31.3
   3 3 11209 0.219 95 7.4 53
   4 4 11107 0.241 95 6.3 30.8
   5 5 11069 0.23 99 6.8 36.9
   6 6 11146 0.239 99 7.2 44.3
   7 7 11195 0.238 65 6.9 73.4
   8 8 11067 0.247 101 6.8 35.5
   9 9 11089 0.217 115 7.8 40.9
   10 10 10747 0.227 102 7.3 44
   11 11 10760 0.224 87 7.7 67.8
   12 12 10763 0.248 102 7.2 42.4
   13 13 11184 0.215 111 6.8 25.9
   14 14 11169 0.244 118 7.5 33.1
   15 15 11179 0.217 86 7.1 55.2
   16 16 11198 0.23 97 6.9 41.4
   17 17 11085 0.226 90 7 50.2
   18 18 11215 0.234 101 7.2 43
   19 19 11183 0.22 87 7.1 55.3
   20 20 11212 0.232 84 6.5 46.1
   21 21 11182 0.232 81 6.7 53.7
   22 22 11395 0.232 73 7.1 68.4
   23 23 11120 0.216 100 6.9 38.3
   24 24 11167 0.246 69 6.9 69.7
   25 25 11175 0.226 93 6.9 46
   26 26 11189 0.243 88 6.8 47.1
   27 27 11131 0.233 101 7 38.3
   28 28 11065 0.209 97 7.3 49
   29 29 10898 0.235 104 6.9 34.7
   30 30 11168 0.219 117 6.9 22
   31 31 11070 0.227 98 7.3 47.9
   32 32 11112 0.248 103 7.1 39.6
   33 33 11213 0.249 96 6.8 40.6
   34 34 11062 0.252 116 7.4 33.5
   35 35 11177 0.239 93 7.3 53.7
   36 36 11385 0.227 137 7.3 9.7
