
                             #ME234_2 number 223.

#02-DEC-2014 , 22:39:21 (Geneva time)

   #N AFEB pos. AFEB num. Int.cap.(pF) U(mv)20fc Gain Offset
   1 1 10831 0.207 90 7.1 51.9
   2 2 9119 0.229 79 7.2 65.8
   3 3 10803 0.216 86 7.3 60.2
   4 4 10729 0.236 121 6.4 7.9
   5 5 2983 0.202 89 7.4 59.2
   6 6 2987 0.224 81 7.2 62.3
   7 7 3150 0.229 62 6.8 73.6
   8 8 2937 0.217 63 6.9 74.8
   9 9 10848 0.227 100 7.1 41.2
   10 10 8731 0.223 44 6.7 90.4
   11 11 9014 0.241 105 6.2 18.9
   12 12 3182 0.222 69 7.2 75.6
   13 13 2824 0.236 79 6.8 56.7
   14 14 10976 0.256 91 7.5 57.9
   15 15 3288 0.233 80 7.1 62.8
   16 16 10186 0.227 117 6.7 17.1
   17 17 2847 0.233 77 7.4 70.1
   18 18 10480 0.236 104 6.4 23.6
   19 19 10611 0.21 101 7.1 40.2
   20 20 3058 0.283 67 7.1 75.1
   21 21 3316 0.251 73 6.7 61.6
   22 22 12080143 0.2162 61.83 7.06 79.28
   23 23 9071 0.216 84 7 55.9
   24 24 1462 0.217 76 6.4 51.6
