
                             #ME234_2 number 204.

#02-DEC-2014 , 22:39:21 (Geneva time)

   #N AFEB pos. AFEB num. Int.cap.(pF) U(mv)20fc Gain Offset
   1 1 8163 0.232 87 6.9 51.3
   2 2 8241 0.24 73 6.7 62.1
   3 3 8290 0.24 69 7.1 73.4
   4 4 8889 0.207 69 6.7 64.1
   5 5 8206 0.245 88 6.9 49
   6 6 8755 0.227 54 7.1 88.4
   7 7 8800 0.248 62 6.9 76.5
   8 8 8190 0.244 80 6.9 57.8
   9 9 8405 0.233 92 6.6 40.1
   10 10 9018 0.216 75 6.8 60.4
   11 11 8098 0.263 83 7.7 70.4
   12 12 8271 0.227 64 7.1 78.2
   13 13 9222 0.245 92 6.8 44.2
   14 14 8359 0.226 89 7.3 56.6
   15 15 8744 0.246 118 6.6 13
   16 16 8742 0.237 84 7.2 60.5
   17 17 8279 0.228 95 6.8 40
   18 18 8722 0.244 57 6.9 81.8
   19 19 10965 0.228 76 6.8 59.1
   20 20 8844 0.225 75 7.4 72.1
   21 21 8229 0.226 71 7 69.5
   22 22 10850 0.269 100 7.3 46
   23 23 8257 0.234 91 6.9 47.7
   24 24 8747 0.246 90 6.2 34.6
