
                               #ME1_2 number 20.

#02-DEC-2014 , 22:14:44 (Geneva time)

   #N AFEB pos. AFEB num. Int.cap.(pF) U(mv)20fc Gain Offset
   1 1 6097 0.25 66 5.9 53.4
   2 2 5170 0.232 78 7.2 66.5
   3 3 6039 0.227 45 7.2 98.4
   4 4 5179 0.256 87 6.8 49.4
   5 5 5282 0.235 74 7 65.1
   6 6 5288 0.228 87 7.1 55.5
   7 7 9423 0.222 78 6.6 53.6
   8 8 7359 0.254 74 6.9 65.1
   9 9 9465 0.247 96 6.5 34.2
   10 10 7583 0.246 94 6.7 39.9
   11 11 4525 0.268 73 7.2 70.4
   12 12 7370 0.238 90 6.7 44.6
   13 13 7604 0.226 91 7.1 51.7
   14 14 4546 0.245 85 6.8 50.2
   15 15 7591 0.26 79 7.1 63.3
   16 16 7254 0.266 87 7.1 53.9
   17 17 4687 0.237 60 7.1 81.8
   18 18 4301 0.25 95 6.5 35.5
   19 19 9602 0.234 85 6.8 50.8
   20 20 4563 0.24 88 7 50.8
   21 21 7626 0.257 68 7.2 75.1
   22 22 7497 0.242 98 7 41.7
   23 23 7520 0.234 67 7 72.7
   24 24 7361 0.225 92 7.1 50.9
