
                              #ME234_2 number 97.

#02-DEC-2014 , 22:15:23 (Geneva time)

   #N AFEB pos. AFEB num. Int.cap.(pF) U(mv)20fc Gain Offset
   1 1 3986 0.253 56 7.1 85.5
   2 2 4067 0.239 53 6.6 78
   3 3 7698 0.209 62 7.2 81.6
   4 4 7693 0.239 77 6.7 57.4
   5 5 7669 0.211 92 7.1 49.7
   6 6 7689 0.27 73 7.2 69.8
   7 7 4353 0.218 97 6.7 38.2
   8 8 7762 0.245 111 6.8 24.8
   9 9 3971 0.243 87 6.7 46.3
   10 10 7836 0.222 91 6.7 43.5
   11 11 8569 0.229 88 7.2 55.4
   12 12 7767 0.257 89 7.4 58
   13 13 8514 0.249 57 7 83.6
   14 14 3999 0.231 66 7.2 77.6
   15 15 3912 0.245 67 6.6 64.1
   16 16 8401 0.233 81 7.2 62.1
   17 17 8403 0.222 59 6.8 77.6
   18 18 4132 0.251 71 6.6 60.6
   19 19 8385 0.253 91 6.6 40.4
   20 20 4169 0.214 88 6.9 49.7
   21 21 8516 0.239 99 6.5 31.7
   22 22 8461 0.223 77 7.1 65.4
   23 23 9641 0.223 73 7.2 71.1
   24 24 8483 0.231 111 6.9 27.3
