
                             #ME234_2 number 240.

#02-DEC-2014 , 22:39:20 (Geneva time)

   #N AFEB pos. AFEB num. Int.cap.(pF) U(mv)20fc Gain Offset
   1 1 12080054 0.2125 123.65 6.8 12.36
   2 2 1859 0.233 65 6.4 62.8
   3 3 12080025 0.2227 97.57 7.5 52.44
   4 4 12080564 0.2498 73.43 6.74 61.46
   5 5 12080638 0.2435 48.77 6.54 82.09
   6 6 12080370 0.2532 87.4 7.24 57.37
   7 7 12080433 0.2245 63.82 7.22 80.55
   8 8 12080559 0.2168 94.8 7 45.24
   9 9 12080458 0.218 132.03 7 8.05
   10 10 12080707 0.2333 66.62 7.11 75.56
   11 11 12080591 0.2061 99.21 7.07 42.23
   12 12 12080450 0.2282 131.04 6.82 5.46
   13 13 12080022 0.2535 87.98 7.2 56.02
   14 14 12080138 0.2635 85.1 6.55 45.95
   15 15 12080422 0.2098 65.93 6.98 73.58
   16 16 12080371 0.2455 113.46 6.95 25.51
   17 17 12080016 0.2445 110.04 6.56 21.11
   18 18 12080662 0.2105 109.4 7.19 34.37
   19 19 12080494 0.2003 108.89 7 31.19
   20 20 12080732 0.2061 111.39 6.89 26.51
   21 21 12080313 0.1988 119.58 7.16 23.64
   22 22 12080266 0.217 62.4 7.08 79.27
   23 23 12080593 0.2074 116.2 7 23.76
   24 24 12080107 0.2064 105.35 7.01 34.82
