
                             #ME234_2 number 106.

#02-DEC-2014 , 22:15:24 (Geneva time)

   #N AFEB pos. AFEB num. Int.cap.(pF) U(mv)20fc Gain Offset
   1 1 4175 0.21 109 7 30.5
   2 2 8859 0.228 74 7.4 74.1
   3 3 8572 0.275 61 6.9 76.6
   4 4 7932 0.25 84 6.5 45.1
   5 5 8110 0.218 84 7.2 59.8
   6 6 8815 0.236 106 6.9 31.6
   7 7 8452 0.246 68 6.3 57.4
   8 8 8042 0.24 86 6.9 51.1
   9 9 8947 0.242 71 6.9 67.7
   10 10 8109 0.232 80 6.6 51.9
   11 11 8498 0.218 58 6.3 69.5
   12 12 8565 0.228 79 6.9 59.5
   13 13 4368 0.224 68 7.6 83.6
   14 14 8012 0.224 64 6.6 67.6
   15 15 3683 0.22 88 7.1 53.3
   16 16 8007 0.251 91 6.6 41.2
   17 17 7888 0.23 61 7.1 81.5
   18 18 8035 0.25 69 6.9 69.3
   19 19 7071 0.222 71 7 69.1
   20 20 7012 0.209 76 7.2 67.3
   21 21 9313 0.235 132 6.8 3.7
   22 22 7009 0.231 68 6.8 66.9
   23 23 5380 0.238 87 7.1 53.6
   24 24 7121 0.235 60 7.1 81.1
