
                             #ME234_2 number 145.

#02-DEC-2014 , 22:15:29 (Geneva time)

   #N AFEB pos. AFEB num. Int.cap.(pF) U(mv)20fc Gain Offset
   1 1 12049 0.246 107 6.7 26.6
   2 2 11166 0.22 103 6.9 34.3
   3 3 11594 0.234 93 7 47.8
   4 4 12085 0.236 108 6.6 24
   5 5 11902 0.24 113 6.8 22.1
   6 6 12141 0.243 115 6.8 21.6
   7 7 11133 0.207 94 7.1 48.7
   8 8 11551 0.243 107 6.6 25.1
   9 9 11218 0.245 96 6.9 41.3
   10 10 11596 0.247 102 7 37.8
   11 11 12015 0.256 102 7.1 39.6
   12 12 11593 0.219 98 7 42
   13 13 11203 0.246 71 7.3 76.1
   14 14 11204 0.231 82 7.1 59.8
   15 15 11581 0.238 109 7.4 38.5
   16 16 11934 0.233 107 6.9 32
   17 17 11604 0.209 108 6.9 29.7
   18 18 11779 0.213 94 7.1 47.3
   19 19 11762 0.234 103 6.9 34.4
   20 20 11152 0.257 81 6.3 46
   21 21 11783 0.22 106 6.7 28.5
   22 22 12050 0.23 118 6.9 20.3
   23 23 11156 0.232 103 6.9 35.7
   24 24 11863 0.232 99 7.2 45.3
