
                             #ME234_2 number 151.

#02-DEC-2014 , 22:15:30 (Geneva time)

   #N AFEB pos. AFEB num. Int.cap.(pF) U(mv)20fc Gain Offset
   1 1 12001 0.223 104 7.2 39.3
   2 2 10638 0.235 119 7 20.1
   3 3 10357 0.251 98 6.7 36.2
   4 4 10402 0.234 89 7.2 55.9
   5 5 10282 0.241 95 7 45.5
   6 6 10552 0.241 94 6.8 42
   7 7 12004 0.247 95 6.7 39.1
   8 8 10369 0.265 103 7 36.5
   9 9 12018 0.231 97 7.1 45.4
   10 10 10421 0.242 109 6.7 25.8
   11 11 10461 0.232 97 6.9 41.6
   12 12 11939 0.217 107 7.1 35
   13 13 11958 0.261 90 7.5 59.5
   14 14 11995 0.232 95 7 45.1
   15 15 10398 0.243 98 6.7 35.8
   16 16 10277 0.229 110 6.6 21.9
   17 17 11987 0.207 93 7.2 52
   18 18 12011 0.25 105 6.9 32.9
   19 19 11975 0.247 114 6.8 23.4
   20 20 11993 0.26 108 6.9 30.7
   21 21 12040 0.218 94 6.8 41.7
   22 22 10344 0.221 108 7.1 33.8
   23 23 10530 0.234 106 7 34.7
   24 24 11994 0.248 116 6.9 22
