
                               #ME1_2 number 31.

#02-DEC-2014 , 22:14:46 (Geneva time)

   #N AFEB pos. AFEB num. Int.cap.(pF) U(mv)20fc Gain Offset
   1 1 6104 0.241 63 5.9 54.3
   2 2 6601 0.232 55 6.6 77.2
   3 3 6151 0.233 78 6.5 52.7
   4 4 6161 0.22 68 6.6 63.4
   5 5 6485 0.265 88 7.3 58.1
   6 6 6126 0.224 78 7.3 67.6
   7 7 7592 0.257 81 6.8 55.3
   8 8 7372 0.246 117 6.7 17.6
   9 9 7340 0.235 80 6.9 57.6
   10 10 7495 0.246 72 7.1 69.2
   11 11 7383 0.224 81 7.2 64.2
   12 12 7363 0.256 80 7.6 72
   13 13 7563 0.235 73 6.8 62.5
   14 14 7623 0.235 108 7 32.6
   15 15 4339 0.278 69 7.1 71.6
   16 16 7371 0.245 74 7.2 70.4
   17 17 9425 0.251 64 7.1 78.7
   18 18 4645 0.254 87 6.9 50.6
   19 19 7624 0.244 94 6.8 41.7
   20 20 4568 0.244 78 6.8 57.4
   21 21 7249 0.238 79 6.5 50.3
   22 22 7207 0.247 68 6.9 70.2
   23 23 4686 0.241 89 7.2 55.5
   24 24 4680 0.278 67 7.3 79.8
