
                               #ME1_3 number 70.

#02-DEC-2014 , 22:15:00 (Geneva time)

   #N AFEB pos. AFEB num. Int.cap.(pF) U(mv)20fc Gain Offset
   1 1 4913 0.232 82 7 58.5
   2 2 5036 0.231 48 6.7 85.4
   3 3 4750 0.221 71 7.1 71.4
   4 4 6609 0.228 82 6.4 46.5
   5 5 4883 0.216 81 6.6 51.5
   6 6 4894 0.242 50 6.6 81.8
   7 7 4846 0.237 79 7.2 65.1
   8 8 4914 0.221 76 6.9 62
   9 9 6781 0.248 62 7 77.4
   10 10 6780 0.212 60 7.2 84.6
   11 11 4910 0.229 65 7.1 77.5
   12 12 4953 0.221 87 7.2 57
