
                               #ME1_2 number 69.

#02-DEC-2014 , 22:14:51 (Geneva time)

   #N AFEB pos. AFEB num. Int.cap.(pF) U(mv)20fc Gain Offset
   1 1 4778 0.256 78 7.6 74.4
   2 2 9315 0.229 97 7.3 49.2
   3 3 4956 0.3 84 6.3 41.4
   4 4 6329 0.21 74 6.8 62.7
   5 5 4863 0.236 97 7.2 48.4
   6 6 4813 0.222 70 7.4 78.6
   7 7 3908 0.279 77 7.4 70.4
   8 8 2133 0.26 108 6.9 30.9
   9 9 5543 0.284 70 7.2 73.3
   10 10 5624 0.27 101 6.7 31.8
   11 11 6872 0.23 135 7.2 9.3
   12 12 6474 0.289 96 6.2 26.9
   13 13 5113 0.27 82 7.2 61.5
   14 14 5534 0.285 89 6.5 41
   15 15 1561 0.281 87 7 53.9
   16 16 7346 0.232 86 7 53.3
   17 17 4269 0.283 80 6.9 56.9
   18 18 9567 0.234 95 7.6 57.3
   19 19 3987 0.275 81 6.9 58
   20 20 2013 0.277 97 6.9 39.9
   21 21 7688 0.233 72 6.6 60.4
   22 22 4229 0.275 82 7 57.2
   23 23 852 0.238 122 6.5 8.2
   24 24 1791 0.279 110 6.6 22.7
