
                              #ME234_2 number 90.

#02-DEC-2014 , 22:15:22 (Geneva time)

   #N AFEB pos. AFEB num. Int.cap.(pF) U(mv)20fc Gain Offset
   1 1 773 0.233 133 6.8 3.3
   2 2 1188 0.265 91 6.6 41.9
   3 3 2852 0.231 111 7.2 32.6
   4 4 3340 0.231 74 6.8 63.1
   5 5 2992 0.26 72 7.3 74.1
   6 6 8269 0.237 56 6.2 67.1
   7 7 461 0.239 83 6.8 53.3
   8 8 1382 0.258 73 6.9 65
   9 9 3483 0.239 95 6.5 34.5
   10 10 498 0.241 124 6.7 10.7
   11 11 223 0.267 91 6.8 45.3
   12 12 1401 0.216 91 7.2 53
   13 13 3879 0.242 46 7 93.9
   14 14 9556 0.263 116 7 23.7
   15 15 9530 0.214 51 6.5 79.7
   16 16 9546 0.237 77 6.6 54.8
   17 17 4422 0.242 86 6.8 50.4
   18 18 4058 0.235 84 6.8 52
   19 19 2395 0.214 81 7.1 61.9
   20 20 2586 0.217 88 6.8 47.2
   21 21 3665 0.262 83 6.4 45.7
   22 22 4492 0.256 82 6.8 54.1
   23 23 2541 0.23 82 6.9 55.5
   24 24 4029 0.23 77 7 63.9
