
                               #ME3_1 number 20.

#02-DEC-2014 , 22:15:34 (Geneva time)

   #N AFEB pos. AFEB num. Int.cap.(pF) U(mv)20fc Gain Offset
   1 1 1702 0.22 78 7.4 70
   2 2 664 0.244 86 6.9 53.5
   3 3 165 0.28 83 6.6 48.3
   4 4 1123 0.248 77 6.5 52.5
   5 5 766 0.235 86 6.6 47.4
   6 6 144 0.276 114 7.7 39.9
   7 7 660 0.235 113 7 26.8
   8 8 120 0.251 97 7.1 45
   9 9 1356 0.243 85 7 55.6
   10 10 870 0.24 116 6.7 16.7
   11 11 390 0.242 91 6.9 45.9
   12 12 369 0.228 83 6.9 55.1
   13 13 176 0.252 129 6.9 9.4
   14 14 477 0.246 82 6.8 54.4
   15 15 181 0.235 101 6.8 34.9
   16 16 1119 0.203 71 7 69.5
   17 17 384 0.231 111 7.2 33.2
   18 18 291 0.296 98 6.6 33.4
   19 19 517 0.277 103 7.1 39.9
   20 20 405 0.237 111 7 29.1
   21 21 1061 0.272 94 6.7 39.2
   22 22 447 0.233 86 7.1 55
   23 23 677 0.251 90 6.9 47.4
   24 24 375 0.271 96 6.8 40.7
   25 25 597 0.241 106 6.8 29.3
   26 26 905 0.289 78 6.6 54.2
   27 27 879 0.256 84 6.9 53.7
   28 28 336 0.291 87 6.4 40.5
   29 29 731 0.297 64 6.8 71.9
   30 30 321 0.229 81 6.8 54
   31 31 230 0.239 103 6.8 34.2
   32 32 538 0.232 98 6.9 39.9
   33 33 623 0.251 127 7.4 20.6
   34 34 727 0.299 70 6.9 68.7
   35 35 275 0.261 92 7.1 48.8
   36 36 302 0.287 113 6.9 25.8
