
                              #ME234_2 number 70.

#02-DEC-2014 , 22:15:18 (Geneva time)

   #N AFEB pos. AFEB num. Int.cap.(pF) U(mv)20fc Gain Offset
   1 1 9476 0.227 66 6.6 66.5
   2 2 9361 0.244 83 6.9 56.2
   3 3 3592 0.248 66 6.5 63.7
   4 4 9596 0.229 80 6.9 57.8
   5 5 9520 0.229 92 7.1 50.7
   6 6 9505 0.233 79 7 61.1
   7 7 9418 0.254 61 6.6 71.8
   8 8 9461 0.236 102 6.8 32.7
   9 9 9411 0.241 82 7.1 60.3
   10 10 9660 0.233 70 7 70.1
   11 11 9446 0.25 92 6.9 45.5
   12 12 9544 0.23 79 6.4 49.4
   13 13 9549 0.231 94 6.9 43.1
   14 14 9658 0.215 63 6.8 73.3
   15 15 9638 0.235 96 7.4 51
   16 16 9526 0.23 78 6.9 59
   17 17 7731 0.242 69 7.1 73.1
   18 18 9469 0.249 85 7.3 60.4
   19 19 9521 0.221 65 7.1 77
   20 20 9662 0.224 72 7.1 69.2
   21 21 9558 0.242 87 6.8 50
   22 22 7654 0.235 77 7.3 68.2
   23 23 3370 0.243 75 6.8 60.3
   24 24 9431 0.242 92 7 47.9
