
                               #ME1_3 number 51.

#02-DEC-2014 , 22:14:58 (Geneva time)

   #N AFEB pos. AFEB num. Int.cap.(pF) U(mv)20fc Gain Offset
   1 1 6432 0.252 96 6.1 25.5
   2 2 6452 0.231 78 7.2 66.3
   3 3 6467 0.245 93 6.6 39.7
   4 4 6227 0.247 80 6.5 49.8
   5 5 6386 0.221 88 7.3 58.7
   6 6 6565 0.218 77 6.9 60.7
   7 7 6441 0.228 86 6.5 43.8
   8 8 6731 0.232 68 6.8 67.5
   9 9 6313 0.242 65 7.1 76.9
   10 10 6461 0.25 90 6.2 34.4
   11 11 4966 0.242 69 6.9 69
   12 12 4842 0.228 82 6.8 54.5
