
                             #ME234_2 number 215.

#02-DEC-2014 , 22:39:14 (Geneva time)

   #N AFEB pos. AFEB num. Int.cap.(pF) U(mv)20fc Gain Offset
   1 1 6890 0.239 57 6.8 79.5
   2 2 1881 0.256 89 6.7 45.9
   3 3 5421 0.223 56 7.2 88.3
   4 4 5513 0.241 57 6.7 76.9
   5 5 6858 0.249 100 7.4 47.9
   6 6 5792 0.239 82 7 57.6
   7 7 5453 0.237 76 6.8 60.3
   8 8 5721 0.25 81 6.9 56.6
   9 9 5471 0.216 82 6.9 55.2
   10 10 5905 0.229 74 6.9 63.8
   11 11 5090 0.242 52 6.6 80.5
   12 12 5769 0.246 76 6.5 55
   13 13 5746 0.215 87 6.8 49.1
   14 14 5455 0.246 66 6.8 68.7
   15 15 5554 0.242 95 6.5 34.4
   16 16 5789 0.243 78 6.5 52.8
   17 17 5745 0.224 86 6.6 45.3
   18 18 5544 0.247 87 6.7 47.1
   19 19 1948 0.221 88 7 51.9
   20 20 6914 0.286 71 6.6 62
   21 21 7010 0.239 62 6 58.9
   22 22 6895 0.243 85 7.2 58.2
   23 23 11826 0.215 98 6.9 38.9
   24 24 9857 0.233 89 6.8 47.7
