
                               #ME1_3 number 35.

#02-DEC-2014 , 22:14:56 (Geneva time)

   #N AFEB pos. AFEB num. Int.cap.(pF) U(mv)20fc Gain Offset
   1 1 6846 0.217 49 7.2 95.4
   2 2 7313 0.223 74 6.9 64.8
   3 3 8368 0.251 87 7.2 57.5
   4 4 5079 0.256 79 6.4 47.7
   5 5 6946 0.253 64 6.9 74.5
   6 6 8921 0.227 53 7.2 91.3
   7 7 8284 0.296 101 6.8 35.1
   8 8 9830 0.232 79 7.2 64.5
   9 9 8963 0.298 83 6.9 54.2
   10 10 6687 0.235 60 6.9 78.6
   11 11 9675 0.233 86 7 54.8
   12 12 9099 0.229 86 6.8 50.9
