
                               #ME4_1 number 11.

#02-DEC-2014 , 22:15:39 (Geneva time)

   #N AFEB pos. AFEB num. Int.cap.(pF) U(mv)20fc Gain Offset
   1 1 8264 0.234 84 6.8 53.4
   2 2 9182 0.213 88 6.9 51
   3 3 5130 0.251 61 7 78.9
   4 4 9127 0.248 95 6.7 39.6
   5 5 8761 0.272 79 6.8 57.5
   6 6 9152 0.234 65 6.8 72.2
   7 7 4143 0.254 43 6.6 88.6
   8 8 8101 0.23 67 6.1 55
   9 9 9007 0.235 96 6.9 41.3
   10 10 7828 0.269 79 6.2 45.7
   11 11 8159 0.258 67 7.1 75.3
   12 12 6508 0.257 65 6.2 59
   13 13 10550 0.224 113 7 27.8
   14 14 10467 0.227 92 6.9 46.5
   15 15 10546 0.25 100 6.7 34.7
   16 16 9028 0.235 65 6.8 70.4
   17 17 10405 0.262 98 6.9 40.8
   18 18 10430 0.24 97 6.8 38.7
   19 19 10383 0.235 107 6.8 28
   20 20 11074 0.231 97 7.5 53.8
   21 21 10493 0.217 105 6.9 32.7
   22 22 10431 0.246 105 6.7 28.3
   23 23 10413 0.242 108 7 31.6
   24 24 10631 0.222 104 6.8 30.8
   25 25 10432 0.249 112 6.8 22.5
   26 26 6542 0.231 96 6.2 27.9
   27 27 4595 0.239 95 6.2 28.1
   28 28 121 0.252 110 7 28.9
   29 29 1925 0.267 95 5.7 18.2
   30 30 4840 0.226 100 6.8 36.4
   31 31 5915 0.232 42 6.8 92.7
   32 32 1225 0.274 84 6.8 51.5
   33 33 6852 0.285 56 7.1 85.9
   34 34 5470 0.26 51 5.9 67.7
   35 35 7614 0.249 96 6.8 39.3
   36 36 4287 0.213 107 6.8 28.8
