
                             #ME234_2 number 231.

#02-DEC-2014 , 22:39:20 (Geneva time)

   #N AFEB pos. AFEB num. Int.cap.(pF) U(mv)20fc Gain Offset
   1 1 10038 0.232 98 7.3 48.7
   2 2 10068 0.232 97 6.7 37.8
   3 3 10159 0.245 102 6.8 33.6
   4 4 10135 0.259 113 6.8 23.8
   5 5 10027 0.244 103 7.3 43.9
   6 6 10268 0.239 96 6.8 40.2
   7 7 10071 0.225 93 6.8 44.2
   8 8 10054 0.249 97 6.7 37.9
   9 9 10216 0.216 90 7.1 52.5
   10 10 10122 0.247 100 6.6 31.1
   11 11 10156 0.229 106 6.8 30.3
   12 12 11709 0.231 94 7.2 49.8
   13 13 10005 0.248 116 6.8 20.8
   14 14 10171 0.239 106 7.2 38.2
   15 15 10257 0.249 95 6.6 36.6
   16 16 10165 0.218 101 7 39.9
   17 17 10267 0.23 111 6.6 20.8
   18 18 10118 0.245 107 6.7 27.3
   19 19 10155 0.221 95 7.4 51.7
   20 20 10223 0.212 102 7.2 41.7
   21 21 10105 0.226 102 6.9 35.2
   22 22 12160 0.25 74 6.9 64.3
   23 23 10241 0.246 117 7 23.1
   24 24 9693 0.203 93 6.6 38.5
