
                              #ME234_2 number 77.

#02-DEC-2014 , 22:15:20 (Geneva time)

   #N AFEB pos. AFEB num. Int.cap.(pF) U(mv)20fc Gain Offset
   1 1 4381 0.246 59 6.8 76.6
   2 2 1520 0.248 68 6.9 68.9
   3 3 5631 0.253 76 6.9 62.5
   4 4 1560 0.24 66 6.9 71.8
   5 5 1485 0.23 69 6.8 66.8
   6 6 7195 0.234 52 7 88
   7 7 1450 0.242 90 7.3 56.5
   8 8 1622 0.238 55 6.7 79.1
   9 9 1738 0.248 64 6.9 75.3
   10 10 1617 0.284 77 6.8 59.4
   11 11 1522 0.217 85 7 56
   12 12 1579 0.251 55 6.8 80.2
   13 13 7231 0.235 85 7.1 56.8
   14 14 1440 0.209 100 7.6 51.4
   15 15 1372 0.231 55 6.2 69.1
   16 16 7248 0.245 82 7 58.2
   17 17 7216 0.236 70 6.9 68.1
   18 18 4392 0.251 77 7.2 67.1
   19 19 7225 0.232 78 6.9 58.7
   20 20 7257 0.24 80 7.2 64.9
   21 21 7263 0.255 64 7.3 82.4
   22 22 1271 0.215 90 7.1 52.6
   23 23 1436 0.219 73 6.8 62.5
   24 24 1625 0.273 89 6.9 50.1
