
                             #ME234_2 number 269.

#02-DEC-2014 , 22:39:19 (Geneva time)

   #N AFEB pos. AFEB num. Int.cap.(pF) U(mv)20fc Gain Offset
   1 1 126 0.237 99 6.7 35
   2 2 12153 0.247 99 7 40.7
   3 3 2307 0.226 90 7.1 52.7
   4 4 2109 0.207 131 7.1 11.3
   5 5 12009 0.224 106 7 34.4
   6 6 8130 0.247 97 6.6 36
   7 7 11108 0.226 92 7 47.4
   8 8 2885 0.226 85 6.9 53.3
   9 9 5852 0.219 107 7.4 40.6
   10 10 3209 0.243 80 6.4 48.7
   11 11 11155 0.221 122 6.6 9.4
   12 12 12080195 0.2039 90.4 7.09 51.31
   13 13 11165 0.209 111 6.9 26.1
   14 14 2288 0.24 78 7.2 66.2
   15 15 6944 0.256 87 7.1 55
   16 16 4318 0.285 87 6.6 45.4
   17 17 1935 0.233 101 7.1 40
   18 18 7683 0.233 127 7.1 15.8
   19 19 11550 0.227 100 7.1 41.8
   20 20 1373 0.254 80 7 59.4
   21 21 2533 0.245 91 7 48.8
   22 22 207 0.237 98 6.9 40.3
   23 23 1961 0.257 102 7.3 44
   24 24 6905 0.257 89 7 51
