
                              #ME234_2 number 54.

#02-DEC-2014 , 22:15:16 (Geneva time)

   #N AFEB pos. AFEB num. Int.cap.(pF) U(mv)20fc Gain Offset
   1 1 4440 0.246 60 6.9 77.8
   2 2 3006 0.214 78 6.9 60.8
   3 3 3906 0.248 72 7.1 69.8
   4 4 334 0.256 70 6.8 66.2
   5 5 136 0.234 80 6.9 58.5
   6 6 434 0.228 61 6.9 76.8
   7 7 3451 0.219 58 7.1 83.3
   8 8 3487 0.246 69 6.3 57.4
   9 9 543 0.253 60 6.8 76.5
   10 10 1588 0.231 69 7.1 72.5
   11 11 8412 0.236 68 7.1 73.7
   12 12 3100 0.236 74 7.1 67.3
   13 13 518 0.244 65 7 74.9
   14 14 3241 0.248 74 7 66.3
   15 15 3255 0.201 60 7.1 80.5
   16 16 2966 0.204 68 7.5 82.8
   17 17 702 0.246 75 7.1 67.3
   18 18 4583 0.248 54 6.5 76.2
   19 19 2839 0.235 74 7.1 68.3
   20 20 5709 0.236 77 6.3 47.9
   21 21 4236 0.232 74 7 66.4
   22 22 9508 0.245 62 6.4 64.9
   23 23 1194 0.247 57 6.5 74.1
   24 24 3114 0.215 62 7.3 83.2
