
                             #ME234_2 number 117.

#02-DEC-2014 , 22:15:26 (Geneva time)

   #N AFEB pos. AFEB num. Int.cap.(pF) U(mv)20fc Gain Offset
   1 1 8451 0.231 53 6.9 85.4
   2 2 7212 0.229 75 6.9 61.9
   3 3 8734 0.232 86 7.2 58.5
   4 4 8097 0.218 86 6.9 50.7
   5 5 8104 0.221 88 7.1 54.4
   6 6 8456 0.239 61 6.9 76.8
   7 7 8335 0.236 76 7 63.8
   8 8 8026 0.23 84 6.7 49.4
   9 9 4340 0.262 82 7.1 59.6
   10 10 8836 0.239 73 6 47.5
   11 11 8073 0.209 67 7.2 76.5
   12 12 4138 0.226 64 7.2 80
   13 13 7964 0.223 77 6.6 55.3
   14 14 8873 0.209 76 7.1 66
   15 15 8476 0.215 83 6.8 53.5
   16 16 8217 0.275 87 6.4 41
   17 17 8829 0.213 59 7.2 84
   18 18 8048 0.227 53 7.2 91.1
   19 19 8833 0.246 96 6.7 38.3
   20 20 4127 0.256 80 7 60.7
   21 21 7961 0.226 68 7.1 73.6
   22 22 8542 0.241 55 7 85.3
   23 23 7957 0.244 84 6.7 50.2
   24 24 8480 0.233 80 6.9 58.4
