
                               #ME2_1 number 29.

#02-DEC-2014 , 22:15:06 (Geneva time)

   #N AFEB pos. AFEB num. Int.cap.(pF) U(mv)20fc Gain Offset
   1 1 2227 0.217 71 6.4 57
   2 2 2641 0.243 115 6.9 23.6
   3 3 2211 0.251 95 6.4 33.6
   4 4 2123 0.232 73 6.6 59
   5 5 1861 0.238 67 6.4 61.5
   6 6 2098 0.222 101 6.7 33.3
   7 7 2177 0.224 87 7.2 56.6
   8 8 2741 0.238 91 6.7 42.1
   9 9 1858 0.205 79 7.1 63.3
   10 10 2147 0.214 87 7 52.7
   11 11 2653 0.248 126 6.8 10.9
   12 12 1956 0.226 116 7.3 29.8
   13 13 1962 0.216 98 7.7 56.2
   14 14 2239 0.271 61 6.8 75.2
   15 15 1934 0.223 95 7.1 46.5
   16 16 1921 0.233 94 7.3 51.1
   17 17 2234 0.231 83 7.2 60.8
   18 18 1931 0.235 100 6.9 38.8
   19 19 2221 0.244 58 6.8 77.7
   20 20 2715 0.256 78 7.7 75.4
   21 21 2153 0.247 88 6.6 45.2
   22 22 1884 0.203 88 7.2 55.1
   23 23 2736 0.252 56 6.8 80.3
   24 24 2193 0.238 97 6.9 41.6
   25 25 1965 0.251 100 7.1 42.6
   26 26 2645 0.242 110 6.7 22.5
   27 27 1908 0.237 80 7.1 61.6
   28 28 1933 0.21 101 6.8 35.9
   29 29 2643 0.208 67 7.1 74
   30 30 2646 0.258 78 6.8 58.1
   31 31 2740 0.242 88 6.8 46.8
   32 32 2195 0.232 91 6.6 40.3
   33 33 2717 0.236 69 7.2 74.8
   34 34 2721 0.234 97 7 43.4
   35 35 2734 0.232 83 7 57.3
   36 36 2724 0.21 82 7.3 63.7
   37 37 2190 0.243 105 6.9 32.1
   38 38 2181 0.234 73 7 66.3
   39 39 1888 0.218 98 6.9 41.1
   40 40 1882 0.206 89 7.3 57.8
   41 41 1879 0.249 101 6.8 35.4
   42 42 1958 0.241 101 6.9 36.9
