
                              #ME234_2 number 83.

#02-DEC-2014 , 22:15:20 (Geneva time)

   #N AFEB pos. AFEB num. Int.cap.(pF) U(mv)20fc Gain Offset
   1 1 5658 0.239 59 6.8 76.5
   2 2 6083 0.238 67 7 74.1
   3 3 5689 0.254 82 7.1 59.6
   4 4 5993 0.233 107 6.9 31.3
   5 5 5220 0.246 88 7.2 55.6
   6 6 5696 0.228 84 6.8 53
   7 7 5653 0.243 69 7.2 76
   8 8 5966 0.231 56 7.1 85.2
   9 9 6062 0.263 92 7.3 53.8
   10 10 5568 0.241 77 6.9 60.6
   11 11 5018 0.238 71 6.1 50.3
   12 12 5687 0.235 86 6.9 52.2
   13 13 5221 0.207 84 7.1 57.2
   14 14 5676 0.243 81 6.8 54.6
   15 15 4817 0.234 77 7.1 65.9
   16 16 5012 0.226 90 7.3 55.4
   17 17 5695 0.21 70 7.1 72.2
   18 18 4989 0.225 57 6.3 69
   19 19 4982 0.232 49 6.9 89
   20 20 4827 0.23 87 7 52.7
   21 21 5043 0.228 78 6.4 50.4
   22 22 5675 0.227 60 6.7 74.6
   23 23 5582 0.221 59 6.5 70.8
   24 24 5033 0.234 81 7.2 63.3
