
                               #ME4_1 number 29.

#02-DEC-2014 , 22:15:42 (Geneva time)

   #N AFEB pos. AFEB num. Int.cap.(pF) U(mv)20fc Gain Offset
   1 1 10989 0.242 110 6.8 25.2
   2 2 10771 0.236 94 7.1 47.9
   3 3 10668 0.25 91 7.6 61.4
   4 4 10708 0.231 117 6.6 15.3
   5 5 10874 0.234 102 7.1 39.8
   6 6 10755 0.232 106 6.9 32.3
   7 7 10574 0.241 111 6.8 24.5
   8 8 11009 0.252 93 6.9 45
   9 9 10766 0.255 93 6.7 41.1
   10 10 10966 0.233 82 7 58.9
   11 11 10495 0.235 121 6.9 17.5
   12 12 10977 0.221 132 7.1 11
   13 13 10720 0.231 97 6.8 37.8
   14 14 10486 0.227 103 6.7 31.3
   15 15 10476 0.232 107 6.3 19.3
   16 16 10813 0.231 111 7 29.6
   17 17 10817 0.23 119 7 20.9
   18 18 10877 0.235 102 6.8 34.9
   19 19 10975 0.23 100 7.2 45.3
   20 20 10980 0.242 117 7.3 29.4
   21 21 11038 0.218 100 7.1 41.7
   22 22 10683 0.222 104 6.7 30
   23 23 10666 0.228 118 7.6 33.9
   24 24 10661 0.252 103 6.8 33.9
   25 25 10821 0.246 101 7 37.8
   26 26 10786 0.237 88 7.3 57.5
   27 27 10794 0.215 103 7.2 41.3
   28 28 10722 0.217 93 7.1 48.6
   29 29 10474 0.224 117 6.9 21.2
   30 30 10769 0.243 90 6.9 48.8
   31 31 10735 0.261 108 6.8 27.6
   32 32 10984 0.241 96 7.2 49.1
   33 33 10709 0.247 102 6.4 25.5
   34 34 10806 0.232 93 6.9 45.2
   35 35 10701 0.222 92 7.5 58.1
   36 36 10670 0.233 115 7.1 28.3
