
                               #ME1_2 number 22.

#02-DEC-2014 , 22:14:45 (Geneva time)

   #N AFEB pos. AFEB num. Int.cap.(pF) U(mv)20fc Gain Offset
   1 1 6148 0.208 76 7.4 71.4
   2 2 4809 0.236 74 7.4 74.5
   3 3 5007 0.217 107 7.2 37
   4 4 6640 0.254 58 6.4 71
   5 5 4797 0.241 77 6.7 57.8
   6 6 6726 0.242 54 6.9 83.2
   7 7 4591 0.245 82 7 57.7
   8 8 7605 0.249 83 6.8 52
   9 9 4539 0.251 68 6.8 68.9
   10 10 7193 0.249 64 6.6 66.6
   11 11 4520 0.248 74 6.5 56.8
   12 12 4677 0.248 77 6.8 58
   13 13 9600 0.27 90 6.5 40.2
   14 14 9934 0.246 61 6.6 72.2
   15 15 7374 0.267 85 7.2 59
   16 16 6988 0.243 90 7.3 56.7
   17 17 4307 0.257 73 6.9 64.6
   18 18 7389 0.25 84 6.8 52.7
   19 19 7230 0.243 78 6.7 56.1
   20 20 4515 0.252 80 7.6 71
   21 21 4310 0.23 76 6.3 50.3
   22 22 7415 0.252 87 6.2 37.7
   23 23 7376 0.212 88 6.9 50.3
   24 24 7582 0.238 76 6.8 60
