
                              #ME234_2 number 47.

#02-DEC-2014 , 22:15:15 (Geneva time)

   #N AFEB pos. AFEB num. Int.cap.(pF) U(mv)20fc Gain Offset
   1 1 3010 0.207 104 7.2 39
   2 2 3268 0.255 85 6.6 46.3
   3 3 3277 0.22 53 6.2 70.7
   4 4 3293 0.222 102 7 38.1
   5 5 2537 0.217 89 7.2 54.1
   6 6 1147 0.247 85 6.6 47
   7 7 3657 0.255 78 7.1 63.9
   8 8 3014 0.214 95 6.9 42.6
   9 9 3524 0.239 99 6.8 36.7
   10 10 3648 0.239 90 7 50.3
   11 11 3622 0.248 57 7.1 85.2
   12 12 3520 0.232 85 6.7 48.3
   13 13 3673 0.24 128 6.6 4.6
   14 14 3138 0.244 59 6.9 78.7
   15 15 3170 0.23 90 7 50.2
   16 16 3652 0.242 62 6.3 64.9
   17 17 3051 0.247 115 7 25.6
   18 18 2792 0.223 73 7.3 72.5
   19 19 4526 0.242 63 6.8 73.1
   20 20 3508 0.278 63 7.1 79.4
   21 21 3035 0.231 85 7.1 56.5
   22 22 5618 0.225 54 6.9 84.4
   23 23 2486 0.247 51 6.9 87.3
   24 24 8345 0.232 84 7.1 57.7
