
                               #ME1_2 number 56.

#02-DEC-2014 , 22:14:49 (Geneva time)

   #N AFEB pos. AFEB num. Int.cap.(pF) U(mv)20fc Gain Offset
   1 1 6091 0.236 74 7.1 68.8
   2 2 6569 0.237 79 6.3 46.9
   3 3 5204 0.241 84 7.1 57.2
   4 4 5186 0.231 79 7.2 64.4
   5 5 6145 0.238 101 6.2 23.9
   6 6 6525 0.243 88 6 32.7
   7 7 6041 0.221 79 7.1 61.6
   8 8 4837 0.206 53 7.3 91.8
   9 9 1304 0.243 90 6.9 49
   10 10 8661 0.243 88 6.7 46
   11 11 5189 0.235 80 6.8 55.5
   12 12 5231 0.23 76 6.3 50.4
   13 13 1487 0.25 95 7.3 51
   14 14 5259 0.243 55 6.8 81.6
   15 15 7073 0.24 88 7 52.4
   16 16 5677 0.241 78 6.8 58
   17 17 8926 0.245 83 6.7 51.3
   18 18 9579 0.211 86 6.8 50.2
   19 19 7115 0.217 101 6.9 38
   20 20 5563 0.23 57 6.9 81.6
   21 21 9295 0.237 56 6.3 71.2
   22 22 7076 0.238 81 6.8 55.1
   23 23 4829 0.228 83 6.9 55.6
   24 24 5206 0.241 67 6.7 66.3
