
                              #ME234_2 number 29.

#02-DEC-2014 , 22:15:12 (Geneva time)

   #N AFEB pos. AFEB num. Int.cap.(pF) U(mv)20fc Gain Offset
   1 1 487 0.248 117 7 23
   2 2 328 0.236 148 7.1 -6.3
   3 3 1097 0.248 88 7.2 56.8
   4 4 33 0.271 88 6.8 47.7
   5 5 5 0.258 99 7 41.5
   6 6 606 0.25 109 7.3 37.2
   7 7 1077 0.29 82 6.8 53.1
   8 8 56 0.269 101 7 39.1
   9 9 208 0.24 132 6.9 6.9
   10 10 825 0.231 144 7.1 -2.3
   11 11 93 0.247 102 6.9 36.5
   12 12 832 0.255 119 6.7 14
   13 13 60 0.259 89 7.2 55.1
   14 14 1032 0.278 82 7.3 64.5
   15 15 718 0.238 139 7.1 3.3
   16 16 1044 0.253 124 7 15.4
   17 17 998 0.256 88 6.9 51.5
   18 18 309 0.255 149 6.8 -13.8
   19 19 575 0.241 120 7.1 22.4
   20 20 779 0.28 100 6.5 30.3
   21 21 492 0.248 150 6.7 -15.6
   22 22 1016 0.236 113 7.1 28.3
   23 23 37 0.256 116 7.1 26.6
   24 24 1048 0.251 111 6.6 21.7
