
                               #ME3_1 number 28.

#02-DEC-2014 , 22:15:35 (Geneva time)

   #N AFEB pos. AFEB num. Int.cap.(pF) U(mv)20fc Gain Offset
   1 1 7342 0.235 60 7.2 84.8
   2 2 8674 0.229 61 7.2 81.6
   3 3 8888 0.234 81 7 59.2
   4 4 8575 0.246 130 7.2 13.5
   5 5 7865 0.223 81 7.1 61.1
   6 6 7783 0.25 67 7 73.6
   7 7 7312 0.211 83 7.2 60
   8 8 8548 0.252 90 6.8 45.6
   9 9 7787 0.24 88 6.8 49.1
   10 10 8898 0.245 75 6.5 54.9
   11 11 8669 0.234 86 7 54.5
   12 12 8955 0.246 94 6.4 34.8
   13 13 7852 0.245 84 6.8 52.5
   14 14 7746 0.244 92 7 48
   15 15 7220 0.246 71 6.8 64.4
   16 16 8599 0.219 67 7.2 76.8
   17 17 7859 0.244 81 7.2 61.9
   18 18 8793 0.223 91 7.1 50.2
   19 19 7847 0.241 105 7 35
   20 20 7863 0.24 90 7.1 51.7
   21 21 8667 0.237 83 6.7 50.8
   22 22 7355 0.229 65 6.9 73.5
   23 23 8867 0.255 90 7 49.8
   24 24 8851 0.258 77 7.7 77.3
   25 25 8652 0.239 77 7.4 70.6
   26 26 8527 0.245 75 6.6 57
   27 27 8712 0.232 106 6.7 27.7
   28 28 7745 0.237 67 7 73.6
   29 29 8896 0.231 66 6.8 70.4
   30 30 7793 0.267 52 6.9 85.3
   31 31 8951 0.232 87 6.8 49.2
   32 32 7861 0.243 77 6.6 55.2
   33 33 7805 0.23 103 7 37
   34 34 8688 0.248 80 6.9 58.4
   35 35 7881 0.231 72 6.5 57.7
   36 36 8659 0.253 79 6.6 51.6
