
                               #ME1_2 number 24.

#02-DEC-2014 , 22:14:45 (Geneva time)

   #N AFEB pos. AFEB num. Int.cap.(pF) U(mv)20fc Gain Offset
   1 1 5151 0.239 87 7.1 54.9
   2 2 6518 0.254 57 6.6 75.3
   3 3 6111 0.246 76 7 65.3
   4 4 6132 0.231 72 7.1 69.6
   5 5 6100 0.234 61 7.1 82.1
   6 6 6122 0.211 70 7 70
   7 7 4523 0.244 63 6.7 70.9
   8 8 4688 0.249 86 7 52.7
   9 9 3793 0.222 87 6.8 49.5
   10 10 3790 0.258 65 7.1 76.3
   11 11 4326 0.232 71 7.2 71.9
   12 12 4678 0.246 84 6.9 54.5
   13 13 7469 0.241 78 6.6 53.7
   14 14 4738 0.286 80 6.7 53
   15 15 4290 0.246 86 7.2 57
   16 16 7477 0.241 74 6.9 64.4
   17 17 3731 0.216 73 6.5 57
   18 18 4734 0.26 79 7.1 63.7
   19 19 4627 0.237 71 7.3 75.7
   20 20 7513 0.258 80 6.9 58.4
   21 21 4592 0.248 64 7.4 84.2
   22 22 7529 0.233 62 7.1 80.4
   23 23 4656 0.249 74 6.9 64.4
   24 24 4679 0.246 102 7.2 42.4
