
                               #ME1_3 number 59.

#02-DEC-2014 , 22:14:59 (Geneva time)

   #N AFEB pos. AFEB num. Int.cap.(pF) U(mv)20fc Gain Offset
   1 1 6773 0.217 78 7.1 63.5
   2 2 6769 0.241 54 6.8 81.7
   3 3 6501 0.24 74 7 66.7
   4 4 6706 0.215 92 6.8 43.3
   5 5 6619 0.224 75 7.1 67.5
   6 6 6611 0.225 98 6.2 26.6
   7 7 9809 0.245 90 6.9 48.2
   8 8 9706 0.225 87 7.1 53.9
   9 9 9840 0.236 112 6.7 21.8
   10 10 8551 0.219 76 7.1 64.7
   11 11 8558 0.211 59 6.7 73.7
   12 12 9707 0.24 72 6.8 63.6
