
                               #ME4_1 number 36.

#02-DEC-2014 , 22:15:44 (Geneva time)

   #N AFEB pos. AFEB num. Int.cap.(pF) U(mv)20fc Gain Offset
   1 1 10444 0.249 120 6.9 18
   2 2 10656 0.24 97 7 41.7
   3 3 11010 0.215 105 7.1 38
   4 4 11741 0.224 103 7.7 50.4
   5 5 11047 0.249 99 6.7 34.8
   6 6 10892 0.226 102 6.8 34.6
   7 7 10947 0.271 102 6.9 36.5
   8 8 10779 0.22 125 6.8 12.1
   9 9 10724 0.226 111 7.4 37.2
   10 10 10748 0.23 93 7 47
   11 11 10942 0.231 98 6.7 36.2
   12 12 10920 0.244 109 6.9 28.8
   13 13 10791 0.251 117 7 23.3
   14 14 11001 0.218 128 6.9 10.1
   15 15 10757 0.238 96 7.4 51.3
   16 16 10906 0.253 119 6.9 18.1
   17 17 10753 0.224 93 6.8 44.3
   18 18 10957 0.247 114 6.7 20.1
   19 19 10934 0.221 109 7.2 34.6
   20 20 11752 0.217 103 7.2 40.2
   21 21 10971 0.233 99 6.7 36.1
   22 22 11043 0.223 117 7.6 33.9
   23 23 10936 0.232 111 7.1 30.4
   24 24 11475 0.252 107 6.9 30.6
   25 25 11402 0.247 98 6.8 38
   26 26 10890 0.23 127 7.3 18.1
   27 27 11113 0.234 110 7.1 31.4
   28 28 11390 0.239 94 7.2 49.9
   29 29 11381 0.223 126 7.3 20.2
   30 30 11115 0.248 80 6.2 44.8
   31 31 11334 0.238 89 6.3 37.6
   32 32 11435 0.26 106 7.2 37.3
   33 33 11354 0.257 112 7.2 32.6
   34 34 11106 0.218 120 6.8 16.9
   35 35 11406 0.236 98 6.9 40.1
   36 36 11418 0.233 97 6.9 41.6
