
                               #ME1_3 number 13.

#02-DEC-2014 , 22:14:54 (Geneva time)

   #N AFEB pos. AFEB num. Int.cap.(pF) U(mv)20fc Gain Offset
   1 1 6348 0.242 57 7.3 89.7
   2 2 6357 0.229 77 6.8 58
   3 3 6286 0.27 90 6.3 36.3
   4 4 6390 0.234 83 7.2 61.3
   5 5 6833 0.228 69 7.3 77.3
   6 6 6282 0.253 88 6 33
   7 7 6742 0.236 92 7 47.1
   8 8 6834 0.231 85 7.1 56.8
   9 9 6804 0.257 63 7 76.5
   10 10 6807 0.244 73 7.1 69
   11 11 6831 0.244 78 6.9 61.2
   12 12 6795 0.274 50 7.2 94.1
