
                             #ME234_2 number 134.

#02-DEC-2014 , 22:15:28 (Geneva time)

   #N AFEB pos. AFEB num. Int.cap.(pF) U(mv)20fc Gain Offset
   1 1 6974 0.229 105 6.8 30.3
   2 2 7166 0.253 94 7.1 46.9
   3 3 7025 0.199 64 6.9 74.3
   4 4 9246 0.237 42 6.9 96.2
   5 5 7077 0.24 79 7 61.3
   6 6 7011 0.231 94 7.2 50.4
   7 7 7086 0.239 76 7.3 69.9
   8 8 8197 0.215 73 6.8 62.8
   9 9 7040 0.246 71 6.2 54.5
   10 10 6970 0.218 71 7 68.3
   11 11 7062 0.248 85 7.1 56.2
   12 12 7146 0.227 94 7 45.8
   13 13 7018 0.236 94 6.6 37.1
   14 14 7148 0.219 94 6.7 40.7
   15 15 6990 0.244 66 6.8 71.5
   16 16 7037 0.243 102 6.9 37.5
   17 17 7007 0.243 116 6.4 12.9
   18 18 7164 0.224 85 7.2 58.9
   19 19 7109 0.227 108 7 32.6
   20 20 7036 0.237 68 6.3 58.2
   21 21 6967 0.239 51 6.8 84.5
   22 22 7151 0.201 76 7.1 66.6
   23 23 7170 0.241 59 6.9 79
   24 24 5401 0.243 59 6.9 78.7
