
                              #ME234_2 number 75.

#02-DEC-2014 , 22:15:19 (Geneva time)

   #N AFEB pos. AFEB num. Int.cap.(pF) U(mv)20fc Gain Offset
   1 1 9486 0.228 84 6.4 44.5
   2 2 9574 0.248 79 6.8 56.1
   3 3 9353 0.211 52 6.8 84.6
   4 4 9367 0.264 76 7 64.1
   5 5 9352 0.233 90 6.8 45.5
   6 6 9494 0.209 50 7 90.8
   7 7 9663 0.217 71 6.9 66.1
   8 8 9343 0.233 70 6.4 59.2
   9 9 9442 0.245 70 6.6 61.8
   10 10 4483 0.242 84 6.9 54.2
   11 11 9565 0.223 67 7.5 82.6
   12 12 9464 0.234 62 6.9 76.5
   13 13 9578 0.256 118 7.2 26.1
   14 14 9340 0.253 85 7.1 57.3
   15 15 9501 0.245 87 6.5 41.9
   16 16 9644 0.228 61 6.1 61.5
   17 17 9377 0.259 81 6.6 50.5
   18 18 9414 0.234 124 7 16.6
   19 19 9510 0.245 91 7.7 62.2
   20 20 9479 0.215 92 7.1 50.2
   21 21 9444 0.222 69 6.8 68.2
   22 22 9457 0.229 86 6.9 52.5
   23 23 4415 0.241 59 7.3 86.8
   24 24 4382 0.234 77 7.1 64.1
