
                               #ME1_3 number 46.

#02-DEC-2014 , 22:14:57 (Geneva time)

   #N AFEB pos. AFEB num. Int.cap.(pF) U(mv)20fc Gain Offset
   1 1 6770 0.213 77 7.2 66.8
   2 2 6428 0.212 69 6.8 67.6
   3 3 6410 0.227 84 7.3 62.3
   4 4 6446 0.237 76 6.8 60.9
   5 5 6675 0.245 89 6.1 31.9
   6 6 6414 0.24 78 7.4 69.6
   7 7 6323 0.232 49 7.2 94.3
   8 8 6503 0.223 45 6.4 83
   9 9 4826 0.215 79 6.8 57.5
   10 10 6364 0.239 80 7 59.2
   11 11 6384 0.203 88 7.1 54.9
   12 12 6237 0.246 70 7 70.5
