
                              #ME234_2 number 64.

#02-DEC-2014 , 22:15:18 (Geneva time)

   #N AFEB pos. AFEB num. Int.cap.(pF) U(mv)20fc Gain Offset
   1 1 7232 0.228 90 7.1 51.5
   2 2 3672 0.216 81 7 58.7
   3 3 7264 0.244 63 6.5 66.1
   4 4 7463 0.226 71 7 69
   5 5 4254 0.258 64 6.9 73.4
   6 6 1845 0.227 76 7.1 65.7
   7 7 1840 0.234 89 7.1 51.9
   8 8 1823 0.254 80 6.8 55.3
   9 9 151 0.238 109 7 30.6
   10 10 7426 0.234 81 6.9 57
   11 11 7267 0.242 72 6.9 67.1
   12 12 7406 0.246 69 6.8 67.6
   13 13 1731 0.213 72 6.5 57.4
   14 14 1796 0.213 71 6.3 55.4
   15 15 7192 0.225 76 7.4 72.3
   16 16 1846 0.214 82 6.8 52.8
   17 17 4220 0.23 55 6.6 76.4
   18 18 7301 0.225 43 6.3 83.8
   19 19 1718 0.221 73 6.3 53.9
   20 20 1842 0.229 77 7 63.5
   21 21 7268 0.235 52 6.5 77.6
   22 22 7428 0.242 90 7.3 56.9
   23 23 7431 0.242 86 6.8 50.5
   24 24 7412 0.246 75 7.1 68.1
