
                             #ME234_2 number 263.

#02-DEC-2014 , 22:39:20 (Geneva time)

   #N AFEB pos. AFEB num. Int.cap.(pF) U(mv)20fc Gain Offset
   1 1 11028 0.235 99 7.4 48.6
   2 2 10560 0.245 97 6.9 41.6
   3 3 10565 0.248 100 6.9 38.6
   4 4 11041 0.213 106 7.1 36.4
   5 5 11046 0.211 102 7.1 40.6
   6 6 10416 0.258 98 7.3 49.1
   7 7 10824 0.233 116 7.2 26.9
   8 8 11014 0.218 106 6.9 32
   9 9 10483 0.254 95 7 45.3
   10 10 11048 0.253 110 7.6 42.7
   11 11 10923 0.238 102 7.3 45.4
   12 12 10996 0.246 103 6.8 32.6
   13 13 10487 0.239 109 7.1 32.2
   14 14 10562 0.226 112 6.9 26.6
   15 15 10523 0.254 117 7.4 31.1
   16 16 10515 0.261 101 7.1 41.8
   17 17 11058 0.246 104 7.1 37.3
   18 18 10649 0.22 100 6.7 35.1
   19 19 10471 0.241 96 7 44.3
   20 20 10625 0.252 95 7 44.7
   21 21 10503 0.227 114 7.2 30.5
   22 22 10931 0.251 96 7 43.5
   23 23 10485 0.239 103 6.9 34.7
   24 24 10491 0.222 109 7 30.8
