
                               #ME2_1 number 28.

#02-DEC-2014 , 22:15:06 (Geneva time)

   #N AFEB pos. AFEB num. Int.cap.(pF) U(mv)20fc Gain Offset
   1 1 8105 0.249 96 6.7 37.6
   2 2 8212 0.248 61 6.9 76.6
   3 3 8062 0.228 92 6.5 38.4
   4 4 7671 0.212 55 7 85.1
   5 5 9474 0.228 70 6.2 54.7
   6 6 8194 0.251 54 6.8 82
   7 7 8085 0.232 82 6.6 51.1
   8 8 9420 0.212 102 7.4 45.9
   9 9 7764 0.214 73 6.5 57.1
   10 10 9331 0.219 65 6.3 61.7
   11 11 4630 0.25 77 7 63.8
   12 12 7975 0.232 91 6.7 42.1
   13 13 8121 0.232 83 7.3 63.2
   14 14 4682 0.245 87 6.8 47.8
   15 15 9620 0.222 69 6.3 56.9
   16 16 7958 0.252 82 6.4 47
   17 17 9480 0.224 87 7.1 55.1
   18 18 9416 0.245 110 7 30.8
   19 19 9594 0.208 79 7 60.9
   20 20 7754 0.227 100 6.9 38.4
   21 21 9493 0.234 60 7.3 86
   22 22 9342 0.234 72 6.5 56.9
   23 23 9409 0.233 53 6.5 77
   24 24 8043 0.249 93 6.6 39.9
   25 25 9421 0.224 85 6.9 53.8
   26 26 9350 0.245 82 6.8 52.6
   27 27 9404 0.217 96 7.1 45.6
   28 28 4315 0.227 102 6.9 35.3
   29 29 8133 0.253 54 7.3 90.8
   30 30 4647 0.254 86 7.2 57
   31 31 8213 0.26 92 7 47.9
   32 32 7774 0.248 56 6.9 81.1
   33 33 4308 0.243 80 7.3 66
   34 34 3704 0.215 67 6.9 71.2
   35 35 8136 0.243 86 7 53.4
   36 36 9300 0.243 79 7.3 66.1
   37 37 4725 0.221 84 6.9 53.5
   38 38 9601 0.227 81 7.3 65
   39 39 9478 0.222 82 7.2 61.7
   40 40 8157 0.249 71 6.7 62.8
   41 41 4370 0.237 75 7.2 68
   42 42 9279 0.279 111 6.5 18.7
