
                             #ME234_2 number 207.

#02-DEC-2014 , 22:39:12 (Geneva time)

   #N AFEB pos. AFEB num. Int.cap.(pF) U(mv)20fc Gain Offset
   1 1 10982 0.247 103 6.8 32.7
   2 2 8184 0.232 91 6.5 39.9
   3 3 8303 0.234 89 6.8 46.7
   4 4 8118 0.217 89 6.6 43.5
   5 5 10849 0.212 114 7.2 30.4
   6 6 8305 0.259 82 6.4 45.6
   7 7 9165 0.236 70 7 70.6
   8 8 9168 0.212 61 6.9 76.5
   9 9 9238 0.262 84 6.5 44.9
   10 10 8180 0.235 60 6.9 78.1
   11 11 8369 0.237 77 6.9 61.1
   12 12 8238 0.238 85 6.6 46.6
   13 13 8813 0.24 44 6.6 87.3
   14 14 10915 0.218 121 6.6 11.8
   15 15 8226 0.246 59 6.8 76.5
   16 16 8170 0.232 79 7.5 71
   17 17 8227 0.23 80 7.3 66.4
   18 18 10801 0.222 92 7.4 55.4
   19 19 8221 0.206 61 7 79.1
   20 20 8287 0.255 77 7.3 69
   21 21 8188 0.222 74 7.1 68.1
   22 22 9122 0.243 78 7.1 63.7
   23 23 8178 0.257 97 7.5 52.9
   24 24 8141 0.209 64 7 77.1
