
                             #ME234_2 number 129.

#02-DEC-2014 , 22:39:13 (Geneva time)

   #N AFEB pos. AFEB num. Int.cap.(pF) U(mv)20fc Gain Offset
   1 1 4510 0.211 83 7.5 66.3
   2 2 4482 0.241 90 6.6 41.5
   3 3 3723 0.244 86 6.4 42.5
   4 4 4484 0.249 54 6.3 73.2
   5 5 4463 0.276 98 7.3 47.3
   6 6 4442 0.23 99 6.6 33.7
   7 7 4488 0.218 123 6.7 10.2
   8 8 9590 0.232 127 7 13
   9 9 4417 0.22 68 6.8 67.4
   10 10 4454 0.258 74 6.7 59.3
   11 11 11721 0.226 117 7.2 25.6
   12 12 5251 0.207 81 7.1 61.1
   13 13 5283 0.243 93 6.9 45.5
   14 14 4399 0.227 85 6.7 48.4
   15 15 9434 0.25 65 6.8 70.1
   16 16 11679 0.235 120 7 21
   17 17 5188 0.254 94 7 45.4
   18 18 4431 0.251 50 7 90.7
   19 19 11559 0.263 117 6.6 14.9
   20 20 11696 0.233 112 7.1 29.9
   21 21 11678 0.277 98 6.6 33.1
   22 22 11655 0.226 99 7.5 50.2
   23 23 11765 0.205 114 7 26.1
   24 24 11758 0.229 103 6.6 28.6
