
                               #ME1_2 number 70.

#02-DEC-2014 , 22:14:51 (Geneva time)

   #N AFEB pos. AFEB num. Int.cap.(pF) U(mv)20fc Gain Offset
   1 1 9260 0.24 77 7.4 71.6
   2 2 6160 0.244 64 7.3 81.6
   3 3 6118 0.253 78 6.2 47.3
   4 4 6143 0.229 81 7 58.9
   5 5 6507 0.238 52 6.3 73.2
   6 6 6088 0.228 104 7.1 38.3
   7 7 4313 0.228 115 7.1 28.1
   8 8 1081 0.254 92 7 48.7
   9 9 1049 0.252 135 7.7 20
   10 10 898 0.243 90 6.8 46.3
   11 11 4321 0.251 61 6.4 67.4
   12 12 118 0.292 92 7.5 59.2
   13 13 4043 0.258 73 6.9 64.1
   14 14 7468 0.228 60 7.2 83.7
   15 15 4305 0.237 102 6.9 35.6
   16 16 3394 0.241 47 6.2 77.1
   17 17 863 0.245 101 7 39.4
   18 18 3201 0.229 45 6.7 89.5
   19 19 3459 0.278 77 6.3 48.4
   20 20 7543 0.238 84 7.1 57.3
   21 21 3808 0.25 71 6.3 55.4
   22 22 846 0.238 102 7 38.9
   23 23 2899 0.238 79 6.9 58.8
   24 24 4557 0.228 61 6.5 69.8
