
                              #ME234_2 number 18.

#02-DEC-2014 , 22:15:11 (Geneva time)

   #N AFEB pos. AFEB num. Int.cap.(pF) U(mv)20fc Gain Offset
   1 1 505 0.235 87 6.8 48.3
   2 2 1575 0.211 110 7.2 34.2
   3 3 1610 0.232 100 6.7 34.6
   4 4 3556 0.237 85 6.6 47.9
   5 5 3651 0.24 85 6.3 40.2
   6 6 1312 0.248 88 6.9 48.7
   7 7 1066 0.278 102 6.7 32.4
   8 8 1276 0.234 100 7.1 41.7
   9 9 607 0.232 89 6.9 49.2
   10 10 1457 0.217 95 6.9 42.1
   11 11 7440 0.235 82 7.3 63.5
   12 12 337 0.237 93 7 47.4
   13 13 598 0.274 85 6.7 48.5
   14 14 519 0.278 95 6.7 39.3
   15 15 753 0.246 100 6.6 31.8
   16 16 1570 0.226 102 7.5 47.8
   17 17 7430 0.228 90 6.7 44
   18 18 7273 0.234 100 7 39.7
   19 19 1132 0.246 93 6.6 38.5
   20 20 871 0.281 82 6.5 47.6
   21 21 1806 0.271 83 6.5 46.1
   22 22 1741 0.233 104 7 36.9
   23 23 4302 0.238 92 7 48.1
   24 24 7451 0.207 91 6.8 45.9
