
                               #ME1_2 number 14.

#02-DEC-2014 , 22:14:43 (Geneva time)

   #N AFEB pos. AFEB num. Int.cap.(pF) U(mv)20fc Gain Offset
   1 1 4795 0.215 89 6.9 49
   2 2 4909 0.217 72 7.1 69.2
   3 3 6537 0.24 78 5.9 39.7
   4 4 6783 0.229 63 6.9 75.7
   5 5 5034 0.243 81 6.8 56.3
   6 6 4784 0.249 85 7.3 60.6
   7 7 2034 0.223 66 6.6 64.7
   8 8 2043 0.207 70 7.2 74
   9 9 2090 0.236 100 6.6 31.4
   10 10 2050 0.229 75 7.1 66.7
   11 11 2122 0.238 94 6.8 42.7
   12 12 7339 0.215 86 7.1 55.5
   13 13 2199 0.232 75 7.1 68.1
   14 14 7462 0.236 45 6.8 90.6
   15 15 7239 0.25 85 6.9 52.9
   16 16 1984 0.224 78 6.5 52.3
   17 17 7347 0.23 59 7.2 85.7
   18 18 2057 0.228 54 6.8 81.7
   19 19 7323 0.231 55 7.1 85.8
   20 20 2087 0.246 96 6.5 34.1
   21 21 2067 0.225 105 7 35.3
   22 22 7334 0.245 75 7.1 66.2
   23 23 7319 0.252 76 6.6 56.2
   24 24 7331 0.245 61 7.3 85.1
