
                             #ME234_2 number 251.

#02-DEC-2014 , 22:39:15 (Geneva time)

   #N AFEB pos. AFEB num. Int.cap.(pF) U(mv)20fc Gain Offset
   1 1 12080589 0.2265 88.82 6.97 50.5
   2 2 12080055 0.2211 62.77 7.03 77.84
   3 3 12080384 0.2036 94.84 7.05 46.16
   4 4 12080374 0.2225 83.88 6.85 53.15
   5 5 12080334 0.218 75.49 7.11 66.71
   6 6 12080068 0.2332 62.07 7.26 83.15
   7 7 12080584 0.2203 75.73 6.9 62.32
   8 8 12080567 0.2164 109.39 7.15 33.7
   9 9 12080064 0.2406 84.4 6.81 51.73
   10 10 12080553 0.2243 42.78 7.23 101.76
   11 11 12080160 0.202 111.26 6.84 25.51
   12 12 12080389 0.2496 76.53 6.52 53.79
   13 13 12080676 0.2315 85.64 6.44 43.25
   14 14 12080210 0.2181 91.83 6.79 43.89
   15 15 12080704 0.2229 107.01 6.9 30.89
   16 16 12080482 0.2218 84.65 7.12 57.72
   17 17 12080204 0.2244 118.27 6.9 19.67
   18 18 12080342 0.2131 79.91 7.02 60.43
   19 19 12080474 0.2127 92.8 7.05 48.3
   20 20 12080585 0.211 70.66 6.89 67.17
   21 21 12080484 0.22 61.79 7.2 82.18
   22 22 12080575 0.2121 60.37 6.98 79.2
   23 23 12080346 0.2076 85.32 6.75 49.67
   24 24 12080154 0.2122 85.73 6.79 50.11
