
                              #ME234_2 number 41.

#02-DEC-2014 , 22:15:14 (Geneva time)

   #N AFEB pos. AFEB num. Int.cap.(pF) U(mv)20fc Gain Offset
   1 1 7182 0.24 78 7.3 67.3
   2 2 1600 0.25 114 6.7 19.9
   3 3 1828 0.241 84 6.8 51.8
   4 4 7190 0.23 91 7.4 56.4
   5 5 4367 0.246 67 6.8 69.6
   6 6 48 0.235 84 7.1 58.1
   7 7 15 0.249 79 7.2 64.5
   8 8 1812 0.225 45 6.3 80.4
   9 9 4196 0.238 69 6.8 68.2
   10 10 2897 0.203 97 7 44.1
   11 11 2915 0.239 88 6.6 43.9
   12 12 3280 0.265 90 6.4 38
   13 13 3668 0.247 87 6.8 49.1
   14 14 1269 0.248 93 6.7 40.8
   15 15 3030 0.237 104 7 35.5
   16 16 3086 0.252 85 6.5 44.4
   17 17 1722 0.214 88 6.6 43.9
   18 18 7417 0.248 91 6.6 40.6
   19 19 1734 0.234 112 7.3 33.6
   20 20 3386 0.232 103 7.4 45.6
   21 21 7422 0.24 98 7 41.3
   22 22 1856 0.216 94 7.1 48.4
   23 23 3313 0.228 52 7.3 93.5
   24 24 2967 0.219 105 7 36
