
                               #ME3_1 number 12.

#02-DEC-2014 , 22:15:32 (Geneva time)

   #N AFEB pos. AFEB num. Int.cap.(pF) U(mv)20fc Gain Offset
   1 1 2387 0.221 98 7.3 48.2
   2 2 2455 0.226 106 7.4 42.5
   3 3 2587 0.215 91 7.5 58.7
   4 4 2477 0.225 88 7.1 54.1
   5 5 947 0.258 118 7.1 24.1
   6 6 2492 0.225 77 6.9 60.8
   7 7 1345 0.217 62 6.8 73.1
   8 8 3432 0.232 89 7 51.8
   9 9 2564 0.243 85 6.8 51.1
   10 10 1393 0.221 66 7 74.5
   11 11 1268 0.22 99 7.1 42.4
   12 12 242 0.282 78 6.6 54.6
   13 13 432 0.242 109 7 31.5
   14 14 1684 0.233 110 6.9 28.5
   15 15 42 0.289 79 6.6 53
   16 16 554 0.227 93 7 47.9
   17 17 298 0.281 77 6.9 60
   18 18 780 0.279 86 6.7 47.5
   19 19 425 0.229 92 7.1 49.9
   20 20 564 0.28 71 6.6 60.8
   21 21 210 0.23 109 7 32.2
   22 22 1402 0.249 68 6.2 56
   23 23 204 0.267 117 7.5 33.6
   24 24 335 0.227 83 7 57.7
   25 25 398 0.245 89 6.9 48.4
   26 26 496 0.238 124 6.7 10.8
   27 27 155 0.237 120 6.9 17.3
   28 28 133 0.241 110 6.8 26.4
   29 29 682 0.24 136 7.1 6.8
   30 30 83 0.273 98 7.2 47.1
   31 31 362 0.226 109 7.1 32.5
   32 32 812 0.241 96 6.9 42.4
   33 33 1168 0.237 96 7.1 45.2
   34 34 403 0.28 70 6.6 60.8
   35 35 688 0.246 102 7.1 39.2
   36 36 1389 0.226 89 6.8 47.6
