
                             #ME234_2 number 214.

#02-DEC-2014 , 22:39:15 (Geneva time)

   #N AFEB pos. AFEB num. Int.cap.(pF) U(mv)20fc Gain Offset
   1 1 10825 0.23 94 7 45.6
   2 2 9783 0.213 95 6.8 40.4
   3 3 10304 0.229 90 7.2 54.7
   4 4 10974 0.249 122 6.8 14.5
   5 5 10972 0.258 100 6.7 33.7
   6 6 9112 0.266 70 6.5 59.9
   7 7 10959 0.243 94 6.8 42
   8 8 10967 0.219 93 7 46.2
   9 9 11019 0.24 109 6.8 27.2
   10 10 10789 0.24 123 6.8 13.6
   11 11 7860 0.293 93 6.7 41.7
   12 12 9003 0.253 87 7.1 54.3
   13 13 10507 0.27 103 6.9 35.3
   14 14 10924 0.229 130 7.2 13.6
   15 15 10873 0.237 126 6.8 10.9
   16 16 9049 0.237 80 7 60.3
   17 17 6504 0.243 94 6.4 33.8
   18 18 3186 0.246 81 7.2 63.2
   19 19 7315 0.264 96 7.3 49.7
   20 20 7356 0.244 79 6.9 58.8
   21 21 5067 0.225 72 7.4 76
   22 22 12080322 0.2238 60.66 7.03 79.88
   23 23 1176 0.231 58 7.3 87
   24 24 12080206 0.2157 86.13 6.73 48.38
