
                               #ME1_2 number 71.

#02-DEC-2014 , 22:14:52 (Geneva time)

   #N AFEB pos. AFEB num. Int.cap.(pF) U(mv)20fc Gain Offset
   1 1 4772 0.217 94 6.8 41.8
   2 2 4874 0.222 98 7 41.4
   3 3 4925 0.23 88 7.1 54
   4 4 4841 0.241 81 6.8 53.9
   5 5 4937 0.21 108 6.9 29.4
   6 6 4905 0.242 77 7.3 68.2
   7 7 7649 0.207 54 7.1 88.9
   8 8 7271 0.219 99 7.3 47.7
   9 9 1309 0.218 79 6.9 58.8
   10 10 5458 0.242 65 6.9 72.3
   11 11 5396 0.233 55 7.2 88.7
   12 12 5774 0.242 88 6.7 47
   13 13 5590 0.229 81 6.9 55.9
   14 14 5756 0.237 120 6.4 8.2
   15 15 5536 0.245 66 6.8 70.2
   16 16 4424 0.218 62 7.2 81
   17 17 7228 0.243 76 6.6 56.3
   18 18 4246 0.214 100 7.1 41
   19 19 7269 0.23 80 7 59.6
   20 20 7241 0.25 44 6.8 92
   21 21 4394 0.235 93 6.7 41
   22 22 5617 0.232 74 6.5 56.7
   23 23 5634 0.229 55 7.1 87.4
   24 24 5628 0.239 72 7 68.1
