
                             #ME234_2 number 241.

#02-DEC-2014 , 22:39:19 (Geneva time)

   #N AFEB pos. AFEB num. Int.cap.(pF) U(mv)20fc Gain Offset
   1 1 12080088 0.2021 93.8 7.44 54.99
   2 2 12080654 0.2158 55.08 6.97 84.25
   3 3 12080060 0.2142 102.22 7.03 38.3
   4 4 12080508 0.2053 84.95 7.04 55.84
   5 5 12080171 0.205 96.93 7.22 47.56
   6 6 12080330 0.2585 90.3 6.27 35.08
   7 7 12080746 0.2009 87.84 6.94 50.99
   8 8 12080277 0.2064 112.54 6.78 23.09
   9 9 12080748 0.2109 71.16 6.89 66.66
   10 10 12080289 0.2516 96.86 6.62 35.55
   11 11 12080078 0.2236 125.58 6.84 11.12
   12 12 12080383 0.2492 91.58 6.32 34.8
   13 13 12080263 0.2207 94.76 6.99 45.02
   14 14 12080735 0.1976 107.76 6.88 29.77
   15 15 12080361 0.1932 98.83 7.34 48.06
   16 16 12080558 0.2189 101.08 7.31 45.09
   17 17 12080132 0.2234 81.27 7.03 59.39
   18 18 12080451 0.2251 89.87 6.75 45.12
   19 19 12080723 0.2126 85.06 7.04 55.67
   20 20 12080590 0.1991 102.03 7.34 44.8
   21 21 12080642 0.1973 91.01 7.4 56.94
   22 22 12080079 0.2018 105.52 6.85 31.44
   23 23 12080488 0.2194 76.11 7.37 71.22
   24 24 12080741 0.2297 111.38 6.45 17.62
