
                               #ME4_1 number 8.

#02-DEC-2014 , 22:15:38 (Geneva time)

   #N AFEB pos. AFEB num. Int.cap.(pF) U(mv)20fc Gain Offset
   1 1 12172 0.248 127 6.8 9
   2 2 12168 0.241 98 6.7 37.1
   3 3 10621 0.239 106 7.2 38.2
   4 4 10502 0.237 95 6.9 42.4
   5 5 11599 0.245 100 7 40.4
   6 6 12082 0.221 100 7.1 42.5
   7 7 10658 0.235 101 7.1 41.9
   8 8 11773 0.221 113 6.9 26.2
   9 9 12135 0.245 100 6.7 33.3
   10 10 11460 0.224 118 7.3 28.1
   11 11 11731 0.249 113 6.8 23.2
   12 12 11229 0.235 90 6.5 39.4
   13 13 11816 0.245 94 6.8 42.6
   14 14 12056 0.222 106 7 33.6
   15 15 11865 0.228 120 7.5 28.9
   16 16 11734 0.23 92 7 47.7
   17 17 11855 0.243 113 6.7 20.7
   18 18 12127 0.256 113 6.9 25.2
   19 19 12181 0.217 112 6.8 24.5
   20 20 11669 0.219 107 6.9 31
   21 21 11912 0.215 117 7.3 29.8
   22 22 11577 0.244 97 7 43.1
   23 23 11811 0.269 133 7 6
   24 24 12123 0.222 118 7.2 25.5
   25 25 12121 0.218 103 6.8 32.2
   26 26 12116 0.232 125 6.8 10.6
   27 27 11092 0.215 108 7 30.9
   28 28 11822 0.242 95 6.8 40.3
   29 29 11468 0.282 105 7.1 36
   30 30 12152 0.231 104 7.3 42.8
   31 31 11164 0.239 70 6.8 65.4
   32 32 11640 0.223 108 7.6 43.3
   33 33 11160 0.238 92 7 49.2
   34 34 12146 0.246 110 6.8 26.1
   35 35 11150 0.215 99 6.9 39.5
   36 36 11174 0.23 106 7 34.1
