
                               #ME2_1 number 5.

#02-DEC-2014 , 22:15:01 (Geneva time)

   #N AFEB pos. AFEB num. Int.cap.(pF) U(mv)20fc Gain Offset
   1 1 959 0.241 127 6.6 5
   2 2 1387 0.231 76 7.2 68.3
   3 3 801 0.288 68 6.6 64
   4 4 798 0.246 136 6.6 -4.1
   5 5 904 0.291 105 6.6 26.8
   6 6 787 0.231 88 7.1 54.4
   7 7 180 0.227 98 6.9 39.1
   8 8 1051 0.278 94 6.8 41.4
   9 9 213 0.24 143 6.9 -4.3
   10 10 957 0.24 94 7.1 47.3
   11 11 935 0.238 98 6.9 38.9
   12 12 855 0.252 114 6.7 20.2
   13 13 1136 0.242 72 7 67
   14 14 1118 0.212 67 7 73.4
   15 15 805 0.292 121 6.6 11.3
   16 16 194 0.238 128 7.1 13.2
   17 17 1687 0.23 125 7 15
   18 18 961 0.236 95 6.7 38
   19 19 1594 0.256 110 7.5 39.4
   20 20 754 0.283 89 6.6 42.8
   21 21 1400 0.234 89 6.6 42.6
   22 22 1614 0.216 92 7.1 49.6
   23 23 1359 0.235 59 6.3 66.6
   24 24 436 0.242 92 6.8 43.5
   25 25 547 0.236 92 7 47.9
   26 26 229 0.236 118 7 21.8
   27 27 885 0.244 88 6.6 45
   28 28 127 0.235 120 7.3 25
   29 29 924 0.236 113 6.8 23.7
   30 30 951 0.233 105 7.1 37.3
   31 31 793 0.243 95 6.6 37.8
   32 32 845 0.231 97 6.7 36.6
   33 33 868 0.237 83 6.8 53.2
   34 34 1189 0.248 77 6.8 60.1
   35 35 940 0.296 96 6.7 36.7
   36 36 945 0.234 91 7 49.9
   37 37 9931 0.246 67 7.2 77.6
   38 38 1542 0.25 77 6.6 54.7
   39 39 1133 0.243 95 6.9 43.1
   40 40 856 0.227 88 6.9 49.6
   41 41 895 0.245 106 6.8 28.9
   42 42 9287 0.235 79 7.1 62.6
