
                               #ME4_1 number 3.

#02-DEC-2014 , 22:15:37 (Geneva time)

   #N AFEB pos. AFEB num. Int.cap.(pF) U(mv)20fc Gain Offset
   1 1 12118 0.214 104 7 36.9
   2 2 12184 0.233 127 6.8 9
   3 3 12198 0.231 97 6.8 39.6
   4 4 11846 0.235 106 7.1 36.1
   5 5 11836 0.215 105 6.9 32.8
   6 6 11785 0.217 69 6.8 67.7
   7 7 11821 0.268 95 6.8 40
   8 8 11907 0.248 108 7.3 39.1
   9 9 12084 0.246 118 6.8 18.9
   10 10 11962 0.22 115 7 26.2
   11 11 12107 0.253 89 7 50.6
   12 12 12096 0.232 115 7.2 29.7
   13 13 11930 0.264 96 7.1 44.8
   14 14 11961 0.235 108 6.7 25.5
   15 15 11838 0.235 79 7.2 65
   16 16 11797 0.241 109 6.6 22.4
   17 17 11849 0.219 138 7 2.8
   18 18 11889 0.267 113 6.7 21.2
   19 19 12045 0.238 91 6.9 46.7
   20 20 11883 0.214 112 7 28.4
   21 21 11830 0.227 89 6.7 44.4
   22 22 12143 0.24 105 6.6 25.6
   23 23 11859 0.266 61 6.6 70.1
   24 24 12092 0.235 135 7 4.7
   25 25 11843 0.243 101 6.8 34.1
   26 26 12059 0.246 96 6.7 38.3
   27 27 11788 0.26 102 6.6 30.7
   28 28 12178 0.207 99 7 41.2
   29 29 11854 0.216 95 7.3 50.4
   30 30 11980 0.246 93 6.8 42.8
   31 31 12186 0.217 98 6.7 36.1
   32 32 12055 0.251 88 7.1 54.6
   33 33 12074 0.214 101 6.7 34
   34 34 11906 0.224 95 7.3 51.2
   35 35 11789 0.235 91 6.9 47.9
   36 36 11852 0.241 111 6.8 24.1
