
                               #ME1_3 number 74.

#02-DEC-2014 , 22:15:00 (Geneva time)

   #N AFEB pos. AFEB num. Int.cap.(pF) U(mv)20fc Gain Offset
   1 1 2266 0.234 73 7 65.7
   2 2 6666 0.241 95 7.3 50.8
   3 3 6179 0.217 125 7.1 16
   4 4 2654 0.282 78 6.9 60.3
   5 5 6219 0.232 78 7.3 67
   6 6 6823 0.235 87 7 52
   7 7 6411 0.242 79 6.8 56.1
   8 8 1944 0.268 86 7 54
   9 9 6826 0.278 73 7.1 68.7
   10 10 6200 0.234 64 6.8 72.3
   11 11 8923 0.232 73 6.8 62.8
   12 12 6693 0.223 109 7.1 33.6
