
                              #ME234_2 number 39.

#02-DEC-2014 , 22:15:14 (Geneva time)

   #N AFEB pos. AFEB num. Int.cap.(pF) U(mv)20fc Gain Offset
   1 1 2354 0.251 89 6.8 46.9
   2 2 97 0.235 90 6.6 42.4
   3 3 1264 0.25 74 7.1 67.6
   4 4 1146 0.24 59 7 81.2
   5 5 114 0.235 110 6.8 27.3
   6 6 2494 0.205 88 7.1 54.8
   7 7 2622 0.234 66 7.1 75.5
   8 8 1193 0.223 76 7.4 72.5
   9 9 2558 0.263 95 6.5 34.9
   10 10 2502 0.226 87 7.2 56.8
   11 11 2358 0.246 80 7.3 66.8
   12 12 3169 0.252 76 6 43.5
   13 13 1174 0.239 75 7.1 67.5
   14 14 3625 0.217 57 6.5 73.1
   15 15 1557 0.246 97 7.1 45.9
   16 16 1114 0.243 67 6.7 67.3
   17 17 823 0.278 92 7.2 52.1
   18 18 3292 0.236 71 6.4 57.1
   19 19 909 0.288 101 6.5 29.5
   20 20 2298 0.264 91 7.8 64.3
   21 21 722 0.276 107 6.5 22.3
   22 22 2406 0.239 107 7.1 34.3
   23 23 673 0.229 137 6.9 2.1
   24 24 1399 0.243 81 6.5 50.3
