
                              #ME234_2 number 36.

#02-DEC-2014 , 22:15:13 (Geneva time)

   #N AFEB pos. AFEB num. Int.cap.(pF) U(mv)20fc Gain Offset
   1 1 2498 0.216 105 6.8 32.1
   2 2 2393 0.209 113 6.9 24.3
   3 3 1220 0.251 86 7.2 57.4
   4 4 2527 0.221 104 7.2 40.6
   5 5 1224 0.209 80 6.9 58.7
   6 6 1258 0.208 61 7.1 79.8
   7 7 2585 0.254 104 6.6 27.5
   8 8 3207 0.232 57 6.8 79.5
   9 9 3214 0.243 83 7.3 62.9
   10 10 84 0.239 93 7.5 56.2
   11 11 2553 0.235 95 6.4 34.2
   12 12 3263 0.225 72 6.5 58.5
   13 13 795 0.299 77 6.8 58.8
   14 14 2605 0.243 68 7.4 79.8
   15 15 2485 0.232 108 7.4 39.6
   16 16 2861 0.237 75 6.9 61.8
   17 17 1278 0.242 111 6.8 25.2
   18 18 1253 0.214 102 7.1 39
   19 19 1632 0.25 109 7.2 35.6
   20 20 1158 0.246 84 7 54.9
   21 21 1150 0.251 78 6.7 55.4
   22 22 1236 0.248 77 6.6 54.2
   23 23 3271 0.219 76 6.7 57.3
   24 24 2480 0.255 71 6.8 64.8
