
                              #ME234_2 number 12.

#02-DEC-2014 , 22:15:10 (Geneva time)

   #N AFEB pos. AFEB num. Int.cap.(pF) U(mv)20fc Gain Offset
   1 1 3557 0.239 89 6.9 48.3
   2 2 595 0.241 68 6.9 70.4
   3 3 423 0.235 75 6.8 61.8
   4 4 1675 0.244 53 6.2 70.7
   5 5 2871 0.245 92 6.7 41.7
   6 6 3083 0.261 96 6.4 32
   7 7 986 0.263 140 7.3 5.7
   8 8 782 0.241 96 6.9 41.8
   9 9 901 0.289 103 6.7 31
   10 10 57 0.243 82 6.7 52
   11 11 815 0.272 69 6.8 66.8
   12 12 2858 0.205 82 7 58.2
   13 13 2635 0.244 100 6.6 32.9
   14 14 163 0.255 116 6.7 17.3
   15 15 4474 0.268 76 7.4 72.5
   16 16 929 0.238 94 7.1 46.8
   17 17 1320 0.234 69 7.1 73.1
   18 18 1279 0.256 84 6.9 54
   19 19 1350 0.245 77 7.4 71.5
   20 20 982 0.237 98 6.8 37.6
   21 21 2938 0.249 91 7.5 59.6
   22 22 1358 0.213 72 6.9 66.8
   23 23 3966 0.232 81 6.9 57.9
   24 24 946 0.242 101 6.7 32.3
