
                              #ME234_2 number 69.

#02-DEC-2014 , 22:15:18 (Geneva time)

   #N AFEB pos. AFEB num. Int.cap.(pF) U(mv)20fc Gain Offset
   1 1 10639 0.249 108 7.2 35.4
   2 2 10375 0.218 94 7.2 49.5
   3 3 10396 0.239 95 6.9 43.7
   4 4 11877 0.242 135 6.8 .2
   5 5 5818 0.215 88 6.9 50.2
   6 6 5046 0.233 81 6.9 57.7
   7 7 10373 0.219 97 7 42.7
   8 8 5200 0.254 79 7.2 65.4
   9 9 5166 0.243 91 7 48.7
   10 10 11915 0.257 96 6.9 42.5
   11 11 5311 0.228 90 7.1 51
   12 12 6033 0.225 89 6.9 50.1
   13 13 10401 0.226 102 6.9 36.6
   14 14 5828 0.236 94 6.9 42.8
   15 15 5888 0.226 60 6.7 74
   16 16 10225 0.244 101 6.5 29.5
   17 17 5864 0.281 104 6.5 26
   18 18 5967 0.23 71 7 69.6
   19 19 5222 0.225 67 7.2 76.8
   20 20 5315 0.228 88 6.5 41.7
   21 21 10236 0.225 98 6.7 35.9
   22 22 11896 0.246 109 7 32
   23 23 4899 0.24 75 7 64.9
   24 24 11894 0.271 107 7.1 34
