
                               #ME1_2 number 35.

#02-DEC-2014 , 22:14:47 (Geneva time)

   #N AFEB pos. AFEB num. Int.cap.(pF) U(mv)20fc Gain Offset
   1 1 6491 0.226 87 7.1 55.2
   2 2 4890 0.243 48 6.8 88.2
   3 3 4861 0.238 59 6.8 77
   4 4 4741 0.223 70 7.3 75.8
   5 5 4958 0.214 82 7.2 62.6
   6 6 6524 0.238 93 6.1 30
   7 7 5773 0.235 79 6.7 56
   8 8 5630 0.241 90 7.2 55.3
   9 9 5598 0.209 94 6.9 43.3
   10 10 4637 0.25 76 6.6 55.7
   11 11 5737 0.216 59 6.7 74.3
   12 12 5627 0.238 58 6.7 75.5
   13 13 5540 0.214 98 6.9 39.5
   14 14 5531 0.245 90 6.8 45.5
   15 15 5538 0.233 91 7.3 54.1
   16 16 2035 0.215 131 6.8 4.4
   17 17 2157 0.238 59 6.6 73.2
   18 18 7384 0.214 122 7.3 25.2
   19 19 2156 0.24 62 6.6 69.2
   20 20 4599 0.287 63 7.1 78.1
   21 21 2003 0.235 108 7.2 36.7
   22 22 4607 0.237 83 6.9 54.6
   23 23 2064 0.224 99 7.1 43.7
   24 24 1995 0.232 95 7.7 59.2
