
                               #ME2_1 number 14.

#02-DEC-2014 , 22:15:03 (Geneva time)

   #N AFEB pos. AFEB num. Int.cap.(pF) U(mv)20fc Gain Offset
   1 1 1968 0.22 88 6.9 49.5
   2 2 1900 0.264 96 7.1 45.2
   3 3 1963 0.214 84 7.2 59.9
   4 4 2642 0.29 72 7.1 69.4
   5 5 2096 0.241 79 6.8 56.9
   6 6 2743 0.247 81 6.9 57.8
   7 7 1959 0.205 91 7.1 50.5
   8 8 2202 0.223 81 7.1 60.9
   9 9 1885 0.234 97 7.1 45.8
   10 10 1919 0.241 81 6.7 52.6
   11 11 1930 0.236 84 6.5 45.9
   12 12 1916 0.21 100 7.2 42.7
   13 13 1912 0.224 124 7.3 21.9
   14 14 1972 0.237 71 7.1 70.5
   15 15 1874 0.264 82 7.3 63.5
   16 16 1971 0.281 86 6.8 50.9
   17 17 1906 0.236 67 6.9 71.7
   18 18 1893 0.224 68 7.3 77.9
   19 19 1918 0.246 85 7.4 62.6
   20 20 1880 0.236 83 7.2 61.6
   21 21 1985 0.253 87 6.6 44.3
   22 22 1901 0.208 106 7 34.3
   23 23 2047 0.236 109 7.1 32.5
   24 24 2669 0.232 94 7 45.4
   25 25 2623 0.249 73 7.3 72.8
   26 26 2677 0.237 79 7 62
   27 27 2663 0.215 78 6.9 61
   28 28 2639 0.219 67 6.8 68.8
   29 29 1945 0.251 66 7.2 77.4
   30 30 2676 0.221 69 6.8 66.8
   31 31 1942 0.215 72 6.8 65
   32 32 2624 0.253 58 6.9 79.7
   33 33 2633 0.242 86 7.1 55.7
   34 34 2650 0.255 75 7.1 66.4
   35 35 2660 0.206 64 7.1 78.4
   36 36 1928 0.211 94 7 45.6
   37 37 2664 0.212 104 7.2 41.5
   38 38 2674 0.25 78 7 61.3
   39 39 2696 0.232 66 7.1 75
   40 40 2666 0.226 76 7.6 76
   41 41 2671 0.251 80 7.2 63.5
   42 42 2681 0.244 87 7 52.8
