
                               #ME1_2 number 33.

#02-DEC-2014 , 22:14:46 (Geneva time)

   #N AFEB pos. AFEB num. Int.cap.(pF) U(mv)20fc Gain Offset
   1 1 6779 0.248 66 6.7 66.8
   2 2 4941 0.215 78 6.7 56.1
   3 3 4876 0.199 83 7 56.3
   4 4 6596 0.257 69 6.2 55.7
   5 5 6667 0.228 74 7.1 68.6
   6 6 4923 0.223 81 7 59.5
   7 7 1915 0.214 82 6.8 53.4
   8 8 5138 0.231 71 6.8 64.3
   9 9 6950 0.232 87 6.9 50.7
   10 10 6880 0.22 61 6.2 63.3
   11 11 6894 0.221 66 6.8 69.3
   12 12 1939 0.303 80 6.9 58.8
   13 13 5131 0.244 69 7 70.4
   14 14 5087 0.253 61 7.1 79.7
   15 15 1894 0.239 124 7 15.6
   16 16 5121 0.227 93 6.8 42.6
   17 17 5093 0.247 65 6.8 70.6
   18 18 6963 0.214 91 6.1 31.2
   19 19 6903 0.237 103 6.9 35.3
   20 20 1905 0.235 103 7 37.5
   21 21 5133 0.262 86 6.7 47.5
   22 22 2161 0.227 75 6.5 54.5
   23 23 5134 0.243 76 7 63.3
   24 24 5091 0.223 69 6.6 63.2
