
                             #ME234_2 number 208.

#02-DEC-2014 , 22:39:12 (Geneva time)

   #N AFEB pos. AFEB num. Int.cap.(pF) U(mv)20fc Gain Offset
   1 1 9051 0.249 103 7.1 37.9
   2 2 9212 0.215 82 7 57.5
   3 3 4207 0.26 99 7 40
   4 4 9228 0.235 73 6.7 59.8
   5 5 4357 0.23 75 6.9 62.7
   6 6 9174 0.232 78 7 61
   7 7 4087 0.211 79 6.8 56.4
   8 8 4192 0.233 94 6.5 36
   9 9 4171 0.218 55 7.3 89.8
   10 10 9205 0.242 74 6.1 48
   11 11 9021 0.241 66 6.8 69.5
   12 12 9202 0.216 86 7 53.9
   13 13 4166 0.229 100 7 39.8
   14 14 9005 0.247 95 6.9 42.6
   15 15 4205 0.247 76 6.8 59.3
   16 16 9191 0.25 75 6.4 52.4
   17 17 9194 0.242 111 7.4 36.4
   18 18 4094 0.246 73 7 65.9
   19 19 4375 0.27 83 7 57.4
   20 20 9217 0.225 94 6.7 40.9
   21 21 9041 0.21 82 7.6 70.2
   22 22 9188 0.22 59 6.5 71.3
   23 23 9201 0.216 80 7.1 61.3
   24 24 9183 0.22 56 6.9 81.8
