
                             #ME234_2 number 261.

#02-DEC-2014 , 22:39:21 (Geneva time)

   #N AFEB pos. AFEB num. Int.cap.(pF) U(mv)20fc Gain Offset
   1 1 10914 0.225 95 7 45
   2 2 10488 0.217 99 6.9 38.4
   3 3 11035 0.266 132 6.6 -.9
   4 4 10585 0.228 95 6.8 41.9
   5 5 10602 0.233 97 7.1 44.5
   6 6 11033 0.227 98 7.2 45.4
   7 7 11017 0.225 110 7.3 36.8
   8 8 11024 0.217 134 6.7 0
   9 9 11054 0.223 127 7.2 16.8
   10 10 10595 0.213 97 7.2 45.8
   11 11 10916 0.232 111 6.9 27.8
   12 12 11055 0.238 95 7.2 48.7
   13 13 10568 0.225 87 7.1 54.7
   14 14 10438 0.226 105 6.9 31.8
   15 15 10592 0.24 113 7.1 29.5
   16 16 10569 0.247 103 6.8 32.9
   17 17 10450 0.257 89 7.5 60.8
   18 18 10998 0.213 111 7.2 32.9
   19 19 10949 0.211 103 6.9 34.6
   20 20 10910 0.237 101 7.1 40.6
   21 21 10597 0.258 119 7 21.3
   22 22 10866 0.225 118 7.2 27
   23 23 10581 0.227 101 7.4 46.9
   24 24 10628 0.265 112 6.6 20.4
