
                               #ME1_3 number 69.

#02-DEC-2014 , 22:15:00 (Geneva time)

   #N AFEB pos. AFEB num. Int.cap.(pF) U(mv)20fc Gain Offset
   1 1 5006 0.241 68 6.8 68.9
   2 2 6688 0.236 77 7.1 64.4
   3 3 4798 0.246 87 7.2 56.7
   4 4 6754 0.245 68 7.2 75.7
   5 5 4912 0.218 62 7.1 80.1
   6 6 4927 0.225 58 6.8 78.4
   7 7 4811 0.233 57 7 83.4
   8 8 4919 0.233 78 7.1 64.3
   9 9 6608 0.232 78 7.1 63.8
   10 10 4960 0.254 78 7.2 67
   11 11 4767 0.248 58 6.8 78.3
   12 12 6679 0.242 84 6.9 55
