
                               #ME1_3 number 5.

#02-DEC-2014 , 22:14:53 (Geneva time)

   #N AFEB pos. AFEB num. Int.cap.(pF) U(mv)20fc Gain Offset
   1 1 4897 0.221 49 6.7 85.8
   2 2 6019 0.272 66 6.1 54.7
   3 3 6593 0.245 52 6.5 78.1
   4 4 6738 0.26 91 6.6 41.3
   5 5 6762 0.238 79 7.1 61.6
   6 6 6774 0.225 75 7.1 68.1
   7 7 6741 0.245 74 6.4 53.6
   8 8 4885 0.222 73 7.1 68.6
   9 9 5008 0.21 96 7.2 47.8
   10 10 6199 0.254 49 7.1 92.2
   11 11 6729 0.238 77 6.1 45.2
   12 12 4945 0.254 70 7.4 77.2
