
                              #ME234_2 number 27.

#02-DEC-2014 , 22:15:12 (Geneva time)

   #N AFEB pos. AFEB num. Int.cap.(pF) U(mv)20fc Gain Offset
   1 1 646 0.231 101 7.2 42.4
   2 2 271 0.247 95 7.3 51.3
   3 3 2439 0.24 98 6.9 40.3
   4 4 87 0.254 116 6.9 21.9
   5 5 851 0.242 99 7.5 50.4
   6 6 837 0.256 113 6.9 25.1
   7 7 441 0.253 91 6.8 44.2
   8 8 527 0.248 119 6.8 16.9
   9 9 860 0.26 116 7 23.2
   10 10 13 0.242 132 7.4 15.4
   11 11 996 0.231 90 7.1 52.4
   12 12 27 0.236 114 6.8 20.9
   13 13 100 0.247 91 6.9 46.5
   14 14 610 0.258 95 6.7 38.5
   15 15 525 0.231 108 7.1 34.7
   16 16 66 0.244 108 6.8 28.1
   17 17 284 0.235 113 7.3 32.7
   18 18 1007 0.274 87 7.3 58.9
   19 19 17 0.244 119 7.2 24.6
   20 20 2602 0.25 110 6.7 23.7
   21 21 1003 0.231 140 7.2 4.2
   22 22 616 0.249 102 6.8 34.8
   23 23 195 0.237 110 7 29.3
   24 24 550 0.259 94 6.6 37
