
                             #ME234_2 number 206.

#02-DEC-2014 , 22:39:12 (Geneva time)

   #N AFEB pos. AFEB num. Int.cap.(pF) U(mv)20fc Gain Offset
   1 1 4112 0.244 73 6.4 56.5
   2 2 9056 0.231 65 7 74.6
   3 3 4135 0.245 97 6.8 39.1
   4 4 3842 0.234 96 6.8 39.2
   5 5 9010 0.243 93 6.8 43.5
   6 6 12080573 0.2571 89.47 6.31 36.8
   7 7 9218 0.222 98 6.5 32.4
   8 8 9011 0.252 54 7.4 94.9
   9 9 9136 0.261 95 6.6 36.4
   10 10 3826 0.279 85 7.2 58.4
   11 11 9215 0.238 85 6.8 51
   12 12 3815 0.248 71 6.6 61.1
   13 13 4363 0.228 71 7.4 77.8
   14 14 9199 0.233 65 7.2 79
   15 15 9063 0.245 81 6.7 52.6
   16 16 9029 0.24 84 7 56.7
   17 17 9239 0.232 63 6.9 75.6
   18 18 9151 0.232 81 6.7 52.5
   19 19 3936 0.232 70 6.8 66.1
   20 20 9009 0.232 72 6.8 64.6
   21 21 9001 0.227 69 6.9 69
   22 22 9206 0.25 69 7 70.4
   23 23 4180 0.237 72 6.8 64.7
   24 24 4202 0.248 65 6.8 71.7
