
                               #ME1_2 number 10.

#02-DEC-2014 , 22:14:43 (Geneva time)

   #N AFEB pos. AFEB num. Int.cap.(pF) U(mv)20fc Gain Offset
   1 1 6101 0.2 77 7.1 64.4
   2 2 5152 0.246 70 6.8 67
   3 3 6514 0.289 112 6.2 12.6
   4 4 6129 0.226 78 6.7 55.6
   5 5 6125 0.226 84 6.8 51.6
   6 6 6038 0.255 86 7.5 64.3
   7 7 7655 0.246 87 7.3 60.1
   8 8 7664 0.229 78 6.7 56.2
   9 9 1446 0.229 86 6.9 52.6
   10 10 7780 0.242 81 7 59.8
   11 11 3415 0.264 96 7.3 51.1
   12 12 1431 0.212 64 7.1 77.1
   13 13 1517 0.208 84 6.7 49.4
   14 14 7750 0.23 76 6.8 60.6
   15 15 1521 0.235 60 7 81.1
   16 16 7668 0.238 91 7.2 51.8
   17 17 7718 0.253 78 6.8 58.9
   18 18 1491 0.241 111 6.7 22.7
   19 19 1538 0.235 64 7 76.5
   20 20 7741 0.215 56 7 83.3
   21 21 1508 0.25 88 6.6 43.5
   22 22 7685 0.241 63 6.7 71.1
   23 23 1497 0.231 87 6.7 47
   24 24 9550 0.204 101 7.2 44.3
