
                               #ME1_2 number 38.

#02-DEC-2014 , 22:14:47 (Geneva time)

   #N AFEB pos. AFEB num. Int.cap.(pF) U(mv)20fc Gain Offset
   1 1 6141 0.236 63 6.4 64.4
   2 2 5209 0.22 64 7.3 82.5
   3 3 6511 0.239 66 7.1 76.3
   4 4 6575 0.224 69 7.4 79.4
   5 5 6540 0.256 44 6.8 92.4
   6 6 6139 0.232 87 6.7 45.8
   7 7 7259 0.238 77 6.9 61.5
   8 8 7397 0.214 86 7 53.1
   9 9 7416 0.241 64 6.7 69.8
   10 10 7611 0.262 97 6.8 38.3
   11 11 7187 0.243 97 6.6 34.9
   12 12 4733 0.235 64 7 75.8
   13 13 7314 0.239 89 6.7 46
   14 14 4559 0.231 95 6.7 37.7
   15 15 4716 0.259 89 6.9 48.3
   16 16 7594 0.244 50 6.1 71.6
   17 17 4644 0.245 80 6.7 54.3
   18 18 7365 0.24 66 6.8 70
   19 19 4695 0.204 70 7.2 75.4
   20 20 9379 0.249 63 6.3 63.8
   21 21 4729 0.215 93 7.2 51.4
   22 22 4569 0.25 69 7.1 73.3
   23 23 7493 0.22 87 6.7 47.3
   24 24 7382 0.247 92 7 48.6
