
                              #ME234_2 number 4.

#02-DEC-2014 , 22:15:09 (Geneva time)

   #N AFEB pos. AFEB num. Int.cap.(pF) U(mv)20fc Gain Offset
   1 1 7408 0.223 105 7.1 37.5
   2 2 7446 0.229 77 6.2 47.4
   3 3 7444 0.243 98 6.6 33.1
   4 4 3227 0.243 90 6.7 44
   5 5 1662 0.258 93 6.9 44.2
   6 6 1626 0.234 99 6.9 40.2
   7 7 1599 0.228 88 6.9 49.2
   8 8 1274 0.241 91 6.8 45.9
   9 9 1743 0.271 88 7 52
   10 10 1835 0.238 80 6.5 49.4
   11 11 3638 0.215 110 7.2 34.7
   12 12 1810 0.22 90 6.3 35.6
   13 13 7449 0.263 79 6.4 49.7
   14 14 7436 0.212 91 6.8 45.8
   15 15 7452 0.214 83 6.4 45.3
   16 16 3266 0.218 87 6.7 46.3
   17 17 1777 0.238 92 7 49.1
   18 18 1325 0.245 91 7 49.4
   19 19 3050 0.248 94 7.1 47.5
   20 20 3168 0.238 94 6.6 38.5
   21 21 3219 0.239 89 6.2 34.4
   22 22 1759 0.227 109 7.4 39.3
   23 23 1577 0.216 90 6.9 48.2
   24 24 1732 0.261 100 7 39.5
