
                               #ME1_3 number 34.

#02-DEC-2014 , 22:14:56 (Geneva time)

   #N AFEB pos. AFEB num. Int.cap.(pF) U(mv)20fc Gain Offset
   1 1 6358 0.215 68 7.2 76.5
   2 2 6397 0.237 66 6.6 66.1
   3 3 9823 0.23 73 7.5 77.5
   4 4 6400 0.256 94 6.2 30
   5 5 9810 0.216 123 7.2 20.9
   6 6 6300 0.245 84 7 55.3
   7 7 9062 0.246 84 6.7 49.4
   8 8 8182 0.268 95 7.1 46.5
   9 9 8933 0.241 62 6.7 71.6
   10 10 8991 0.245 76 7.3 70.2
   11 11 8949 0.244 89 6.8 47.4
   12 12 8732 0.227 85 6.2 39.6
