
                             #ME234_2 number 149.

#02-DEC-2014 , 22:15:30 (Geneva time)

   #N AFEB pos. AFEB num. Int.cap.(pF) U(mv)20fc Gain Offset
   1 1 10481 0.24 142 7.2 1.5
   2 2 10272 0.249 110 6.8 26.5
   3 3 10298 0.245 101 6.9 36.5
   4 4 12204 0.208 114 6.9 23.2
   5 5 10310 0.216 113 6.7 21.2
   6 6 10412 0.251 113 6.8 23.5
   7 7 10386 0.242 94 6.9 44.2
   8 8 12205 0.216 120 6.9 18.6
   9 9 10323 0.209 101 7 39.5
   10 10 11973 0.229 97 6.5 32.4
   11 11 11880 0.249 108 6.5 21.7
   12 12 11999 0.259 108 6.9 29.8
   13 13 10341 0.229 111 7 28.8
   14 14 11913 0.233 123 7.2 21.3
   15 15 10351 0.221 124 7.4 22.9
   16 16 11924 0.23 115 7.4 32.6
   17 17 11881 0.238 113 7.1 29.9
   18 18 11916 0.28 110 7 28.7
   19 19 10297 0.243 122 6.8 15.2
   20 20 11742 0.248 107 6.9 31.9
   21 21 11998 0.254 98 6.9 39.7
   22 22 10259 0.277 96 6.8 40.8
   23 23 10360 0.242 112 7.1 29.4
   24 24 10302 0.219 107 7.2 36.2
