
                             #ME234_2 number 248.

#02-DEC-2014 , 22:39:14 (Geneva time)

   #N AFEB pos. AFEB num. Int.cap.(pF) U(mv)20fc Gain Offset
   1 1 12080093 0.2552 41.04 6.58 90.58
   2 2 12080233 0.2005 92.4 7.16 50.8
   3 3 12080314 0.2103 95.19 6.83 41.44
   4 4 12080369 0.2068 104.12 7.09 37.73
   5 5 12080381 0.2066 121.61 7.1 20.34
   6 6 12080017 0.2388 81.41 7.09 60.33
   7 7 12080118 0.2548 77.15 6.78 58.46
   8 8 12080424 0.2269 97.66 6.47 31.77
   9 9 12080415 0.2344 79.35 7.09 62.55
   10 10 12080027 0.2127 90.34 6.79 45.56
   11 11 12080042 0.2309 82.58 7.07 58.91
   12 12 12080603 0.2173 74.66 7.36 72.52
   13 13 12080702 0.2343 29.7 7.06 111.49
   14 14 12080242 0.2226 38.31 6.74 96.46
   15 15 12080634 0.2192 80.56 7.2 63.51
   16 16 12080395 0.2258 67.61 6.88 69.93
   17 17 12080398 0.2405 60.41 7.11 81.72
   18 18 12080568 0.2442 97.71 6.73 36.94
   19 19 12080073 0.2204 105.54 6.95 33.43
   20 20 12080209 0.2418 76.5 6.87 60.86
   21 21 12080577 0.2236 80.41 6.52 50.08
   22 22 12080173 0.2134 73.13 7.08 68.5
   23 23 12080193 0.24 49.69 6.97 89.61
   24 24 12080269 0.1982 100.93 7.04 39.94
