
                               #ME1_2 number 4.

#02-DEC-2014 , 22:14:42 (Geneva time)

   #N AFEB pos. AFEB num. Int.cap.(pF) U(mv)20fc Gain Offset
   1 1 4789 0.229 84 7.1 57.6
   2 2 6606 0.205 81 7 58.9
   3 3 6763 0.248 89 6.8 47.8
   4 4 4799 0.221 83 7 57
   5 5 4881 0.229 71 7 68.4
   6 6 4814 0.25 89 6.7 45.3
   7 7 2140 0.229 80 6.9 58
   8 8 2033 0.24 96 6.7 38.9
   9 9 7238 0.24 67 7 73.4
   10 10 6786 0.236 87 6.6 45.4
   11 11 5903 0.232 93 6.9 44.8
   12 12 2184 0.24 94 7.1 48.2
   13 13 5071 0.212 130 7.2 13.8
   14 14 5936 0.234 83 7.5 66.8
   15 15 5875 0.217 111 7.1 30.1
   16 16 5862 0.245 105 6.6 26.7
   17 17 5796 0.226 76 7 65
   18 18 5827 0.237 79 6.3 46.6
   19 19 6482 0.246 45 6.4 82.3
   20 20 6426 0.237 79 6 41.2
   21 21 6865 0.236 63 7.1 78.6
   22 22 5929 0.2 103 7.2 41.1
   23 23 5108 0.227 82 7.2 62.4
   24 24 6796 0.257 90 6.7 43.3
