
                              #ME234_2 number 66.

#02-DEC-2014 , 22:15:18 (Geneva time)

   #N AFEB pos. AFEB num. Int.cap.(pF) U(mv)20fc Gain Offset
   1 1 1403 0.246 56 6.2 68.5
   2 2 1315 0.244 56 7.3 90.2
   3 3 1328 0.23 62 6.8 73.6
   4 4 4285 0.237 84 6.8 52.6
   5 5 1267 0.244 70 7 70
   6 6 1349 0.216 86 7.1 56.2
   7 7 7443 0.233 73 6.3 53.2
   8 8 7425 0.24 87 7.1 54.2
   9 9 4239 0.261 78 7.1 62.7
   10 10 7455 0.237 66 6.9 71.6
   11 11 7441 0.209 54 7.1 87.1
   12 12 7464 0.23 42 6.3 85.1
   13 13 1852 0.239 90 7.1 52.7
   14 14 1769 0.233 69 7.4 78.8
   15 15 1727 0.25 79 7.1 62.5
   16 16 1778 0.228 51 6.3 74.9
   17 17 7279 0.223 48 7.1 93.9
   18 18 1847 0.227 80 7.1 61.6
   19 19 7398 0.24 83 6.9 54.3
   20 20 7405 0.243 83 7.1 58.3
   21 21 7445 0.228 76 6.9 61.4
   22 22 7298 0.226 68 6.9 70.1
   23 23 1836 0.221 80 7.2 62.9
   24 24 1770 0.234 51 6.2 72.8
