
                             #ME234_2 number 123.

#02-DEC-2014 , 22:15:26 (Geneva time)

   #N AFEB pos. AFEB num. Int.cap.(pF) U(mv)20fc Gain Offset
   1 1 12033 0.217 121 7 19.3
   2 2 11235 0.241 99 7.5 51.5
   3 3 12027 0.217 97 6.9 41.1
   4 4 11872 0.228 92 7 48.8
   5 5 12017 0.263 108 7 32.2
   6 6 11139 0.233 99 7.5 51.7
   7 7 12101 0.24 113 7.1 29
   8 8 12203 0.242 90 7 49.2
   9 9 12006 0.236 89 7.2 55.8
   10 10 11233 0.244 99 6.8 36.8
   11 11 12003 0.235 95 7.2 50.6
   12 12 11941 0.285 94 7 45.5
   13 13 12014 0.268 96 7.3 50.5
   14 14 12195 0.233 93 6.8 43.4
   15 15 11879 0.206 91 7.2 52.5
   16 16 11927 0.224 98 7 41.9
   17 17 11557 0.221 109 7 31.3
   18 18 11972 0.218 103 7.1 37.9
   19 19 12041 0.259 102 6.7 31.7
   20 20 12154 0.235 103 6.9 35.6
   21 21 11970 0.237 98 6.9 39.9
   22 22 12008 0.231 104 7.1 37.5
   23 23 12166 0.217 128 7 11.2
   24 24 11860 0.216 106 7.1 35.6
