
                               #ME1_3 number 19.

#02-DEC-2014 , 22:14:54 (Geneva time)

   #N AFEB pos. AFEB num. Int.cap.(pF) U(mv)20fc Gain Offset
   1 1 6234 0.25 90 7.4 57.6
   2 2 6328 0.223 84 7 55.4
   3 3 6399 0.241 59 6.5 70.1
   4 4 6188 0.228 45 6.5 84.5
   5 5 6182 0.236 74 7 66.3
   6 6 6301 0.237 85 6.7 49.9
   7 7 6257 0.229 47 6.2 77.2
   8 8 5082 0.232 66 7 75.1
   9 9 6837 0.241 79 7 62.1
   10 10 6380 0.248 71 6.8 65.2
   11 11 6178 0.237 83 7 57.6
   12 12 6342 0.27 47 6.4 81.8
