
                              #ME234_2 number 15.

#02-DEC-2014 , 22:15:10 (Geneva time)

   #N AFEB pos. AFEB num. Int.cap.(pF) U(mv)20fc Gain Offset
   1 1 2950 0.234 79 6.6 53.7
   2 2 3104 0.247 67 6.5 63.3
   3 3 1663 0.245 81 6.1 39.9
   4 4 1338 0.221 53 6.3 73.7
   5 5 690 0.268 91 6.6 41
   6 6 3590 0.217 99 7 41.4
   7 7 1121 0.201 77 7 62.8
   8 8 2984 0.252 72 6.6 60.4
   9 9 599 0.279 85 6.5 46.2
   10 10 1671 0.245 65 6.2 57.9
   11 11 1344 0.218 96 7 42.9
   12 12 2880 0.241 76 7.3 71.1
   13 13 1690 0.242 84 6.2 39.5
   14 14 3327 0.213 61 6.9 77.3
   15 15 2955 0.227 89 6.1 32.1
   16 16 3534 0.265 68 6.9 71
   17 17 203 0.246 131 7.2 13
   18 18 1442 0.236 79 7.4 67.7
   19 19 918 0.231 105 7.3 40.4
   20 20 1392 0.221 85 7.2 59.9
   21 21 1183 0.235 75 7 65.1
   22 22 2968 0.228 100 7.3 45.8
   23 23 938 0.24 91 6.4 38.2
   24 24 1388 0.24 51 6.1 69.7
