
                               #ME1_3 number 11.

#02-DEC-2014 , 22:14:53 (Geneva time)

   #N AFEB pos. AFEB num. Int.cap.(pF) U(mv)20fc Gain Offset
   1 1 6298 0.241 67 6.9 70.2
   2 2 6396 0.219 41 6.3 86.3
   3 3 6356 0.252 43 6.1 78.1
   4 4 6327 0.226 80 7.1 62.6
   5 5 6173 0.218 92 7.1 49
   6 6 6353 0.229 69 7 71.4
   7 7 6290 0.249 85 6.2 37.9
   8 8 6402 0.252 83 6 36.9
   9 9 6401 0.216 72 7.2 70.9
   10 10 6391 0.257 80 7.1 62.8
   11 11 6816 0.235 97 7.1 44.6
   12 12 6338 0.23 84 7 56
