
                              #ME234_2 number 80.

#02-DEC-2014 , 22:15:20 (Geneva time)

   #N AFEB pos. AFEB num. Int.cap.(pF) U(mv)20fc Gain Offset
   1 1 5312 0.217 74 7.1 69.2
   2 2 5384 0.226 63 7.1 79.2
   3 3 5236 0.252 80 6.7 54.1
   4 4 5245 0.221 78 7 61.4
   5 5 5336 0.233 81 6.8 54.6
   6 6 7165 0.203 71 7.4 76.9
   7 7 5350 0.223 84 7.2 58.7
   8 8 7092 0.232 64 6.8 72.7
   9 9 5340 0.243 79 7.3 66.4
   10 10 5309 0.218 82 6.8 54.9
   11 11 5392 0.214 66 7.2 78.5
   12 12 5322 0.218 90 7.4 57.7
   13 13 5339 0.25 78 7 61.8
   14 14 5356 0.232 104 7.3 41.4
   15 15 5329 0.246 63 6.8 72
   16 16 5439 0.249 90 6.9 48.7
   17 17 5363 0.24 82 6.9 56.7
   18 18 5391 0.244 80 6.8 55.9
   19 19 7081 0.23 81 6.4 47.2
   20 20 5408 0.229 84 6.8 52.6
   21 21 5360 0.231 82 6.9 55.5
   22 22 5386 0.213 63 6.9 74.5
   23 23 5327 0.235 76 7.2 67.6
   24 24 5342 0.231 77 7.3 69.1
