
                               #ME3_1 number 33.

#02-DEC-2014 , 22:15:36 (Geneva time)

   #N AFEB pos. AFEB num. Int.cap.(pF) U(mv)20fc Gain Offset
   1 1 3831 0.257 73 6.9 64
   2 2 9752 0.27 57 6.8 78.5
   3 3 3922 0.238 54 6.9 85
   4 4 3937 0.248 46 6.5 85
   5 5 3709 0.249 85 6.8 51.1
   6 6 4168 0.251 83 7 57.7
   7 7 4073 0.234 77 6.7 56.8
   8 8 3894 0.243 66 6.4 61.3
   9 9 9730 0.246 96 6.4 31.4
   10 10 9799 0.199 87 7.3 59.3
   11 11 4101 0.226 69 6.8 67.1
   12 12 4178 0.257 90 7.1 52.4
   13 13 3681 0.236 97 6.2 27.8
   14 14 4197 0.239 97 7.2 47.4
   15 15 4085 0.241 79 6.7 55
   16 16 9781 0.241 82 7.1 59.6
   17 17 3818 0.222 83 7.5 66.5
   18 18 9745 0.233 55 6.7 78.5
   19 19 4194 0.244 69 7 70.9
   20 20 9761 0.233 72 6.7 61.3
   21 21 4351 0.241 86 6.6 47
   22 22 9744 0.241 69 6.9 69.7
   23 23 3693 0.22 77 7.2 67.1
   24 24 4118 0.201 111 7.2 33
   25 25 4172 0.239 67 7 73
   26 26 9738 0.234 86 7 53.8
   27 27 3864 0.233 90 6.6 42.6
   28 28 3859 0.255 87 7.1 55.2
   29 29 4170 0.248 82 6.9 55.3
   30 30 9776 0.237 65 7.1 77.8
   31 31 3822 0.243 74 6.9 63.6
   32 32 4137 0.203 79 7.1 63.1
   33 33 3835 0.218 78 6.9 59
   34 34 3830 0.228 75 7.2 69.1
   35 35 4378 0.238 61 7.3 84.7
   36 36 3945 0.24 74 7 65.8
