
                             #ME234_2 number 213.

#02-DEC-2014 , 22:39:15 (Geneva time)

   #N AFEB pos. AFEB num. Int.cap.(pF) U(mv)20fc Gain Offset
   1 1 10477 0.25 108 7.1 33
   2 2 10819 0.234 90 7.2 54.7
   3 3 10624 0.242 96 6.8 39.8
   4 4 10928 0.232 95 7.2 48.3
   5 5 10644 0.224 105 6.7 29
   6 6 11030 0.253 112 6.9 25.8
   7 7 10420 0.236 114 7.1 28.3
   8 8 10655 0.231 102 6.6 30.5
   9 9 10614 0.273 104 7.2 38.9
   10 10 10840 0.239 110 6.6 21.7
   11 11 10795 0.25 101 7.3 45
   12 12 10598 0.24 96 7.4 50.9
   13 13 10867 0.228 114 7 26.1
   14 14 3814 0.233 98 6.9 40.4
   15 15 10594 0.243 119 7.1 23.2
   16 16 10626 0.234 96 7.4 52.9
   17 17 10601 0.249 105 6.4 23.2
   18 18 10969 0.229 93 6.7 41.2
   19 19 11037 0.226 105 6.9 32.5
   20 20 10792 0.23 119 6.8 16.2
   21 21 9220 0.233 70 7.2 74.7
   22 22 9093 0.228 61 6.2 62.3
   23 23 9033 0.26 109 7 31.4
   24 24 9185 0.226 73 6.2 51.1
