
                               #ME1_2 number 1.

#02-DEC-2014 , 22:14:42 (Geneva time)

   #N AFEB pos. AFEB num. Int.cap.(pF) U(mv)20fc Gain Offset
   1 1 5180 0.236 73 7.1 68.9
   2 2 6103 0.24 68 6.6 63.1
   3 3 6056 0.265 104 6.7 30.4
   4 4 6430 0.251 84 6.1 38.9
   5 5 6516 0.277 91 6.4 36.6
   6 6 6095 0.24 82 6.8 54
   7 7 4421 0.224 48 6.9 89.4
   8 8 7765 0.258 95 7.2 48.5
   9 9 1779 0.238 66 6.3 60.8
   10 10 5491 0.232 73 7.1 69.2
   11 11 8489 0.217 74 7.1 67.1
   12 12 1461 0.255 104 6.9 33.4
   13 13 7188 0.216 72 7 67.5
   14 14 5895 0.215 117 7 23.2
   15 15 7107 0.213 53 7.4 95
   16 16 5503 0.233 84 6.9 55
   17 17 1767 0.202 93 6.9 45
   18 18 4238 0.234 116 6.8 19.7
   19 19 3392 0.212 59 6.4 69.5
   20 20 4031 0.243 94 6.7 40.4
   21 21 5053 0.237 52 6.4 75.6
   22 22 5242 0.266 55 6.1 66
   23 23 5616 0.233 69 6.6 62.9
   24 24 5865 0.254 52 7.4 94.8
