
                               #ME1_3 number 12.

#02-DEC-2014 , 22:14:53 (Geneva time)

   #N AFEB pos. AFEB num. Int.cap.(pF) U(mv)20fc Gain Offset
   1 1 6830 0.245 84 6.9 55.3
   2 2 6292 0.237 63 6.2 62.2
   3 3 6350 0.228 76 6.3 50.8
   4 4 6799 0.237 66 6.9 72.8
   5 5 6349 0.248 78 6.8 58.7
   6 6 6280 0.236 86 6 33.4
   7 7 6315 0.252 85 7.1 57.2
   8 8 6317 0.222 103 6.9 35.9
   9 9 6335 0.248 72 7.1 68.5
   10 10 6389 0.261 80 6.1 41.4
   11 11 6395 0.239 45 6.6 86.5
   12 12 6378 0.233 69 7 71.9
