
                               #ME1_2 number 74.

#02-DEC-2014 , 22:14:52 (Geneva time)

   #N AFEB pos. AFEB num. Int.cap.(pF) U(mv)20fc Gain Offset
   1 1 6184 0.225 66 7.1 75.7
   2 2 6213 0.221 95 6.2 30.4
   3 3 9155 0.241 69 7 70.8
   4 4 6204 0.252 85 6.8 50
   5 5 6177 0.211 82 7.3 64.2
   6 6 6545 0.234 84 7 56.9
   7 7 5856 0.208 75 7 65.1
   8 8 1455 0.216 91 6.5 39.4
   9 9 6881 0.245 73 7.2 70.3
   10 10 7725 0.245 102 7.3 44.7
   11 11 7721 0.217 67 6.4 61.6
   12 12 7658 0.222 82 7.4 65
   13 13 7760 0.215 84 7.1 57.4
   14 14 5102 0.217 83 6.9 53.9
   15 15 3589 0.267 101 6.8 34.2
   16 16 1554 0.245 73 6.8 62.6
   17 17 1418 0.265 63 7.1 79
   18 18 7776 0.233 63 7.1 79.3
   19 19 7772 0.247 90 7.2 52.7
   20 20 7646 0.242 79 6.5 51.5
   21 21 7697 0.249 68 6.8 67
   22 22 1513 0.252 69 6.7 64.8
   23 23 7786 0.242 85 7.2 60.4
   24 24 7676 0.264 94 6.9 45.2
