
                              #ME234_2 number 52.

#02-DEC-2014 , 22:15:16 (Geneva time)

   #N AFEB pos. AFEB num. Int.cap.(pF) U(mv)20fc Gain Offset
   1 1 410 0.247 96 6.8 40.5
   2 2 1357 0.254 86 7.2 57.6
   3 3 249 0.276 86 6.5 43.5
   4 4 156 0.263 66 6.9 72.4
   5 5 649 0.247 117 6.9 21
   6 6 501 0.236 90 6.9 48.6
   7 7 270 0.239 85 7 55
   8 8 669 0.223 94 6.7 41.2
   9 9 1120 0.217 78 7.1 64.6
   10 10 452 0.235 99 6.9 38.6
   11 11 30 0.245 100 6.9 37.6
   12 12 963 0.235 116 6.6 15.7
   13 13 199 0.253 111 6.8 25.5
   14 14 293 0.292 91 6.7 42.2
   15 15 313 0.243 113 7 27.3
   16 16 2779 0.248 79 6.6 53.4
   17 17 1371 0.255 98 7.1 43.3
   18 18 1093 0.243 85 6.7 49
   19 19 333 0.286 102 6.6 30.6
   20 20 539 0.256 82 6.8 53.9
   21 21 1110 0.283 100 6.6 31.8
   22 22 1050 0.254 84 7 55.3
   23 23 776 0.244 95 7 44.4
   24 24 1678 0.253 81 6.3 45.3
