
                             #ME234_2 number 217.

#02-DEC-2014 , 22:39:12 (Geneva time)

   #N AFEB pos. AFEB num. Int.cap.(pF) U(mv)20fc Gain Offset
   1 1 5917 0.237 78 7 62.1
   2 2 5734 0.21 64 7.1 77.3
   3 3 5118 0.263 75 7.5 74.7
   4 4 5946 0.237 88 7 51.5
   5 5 5063 0.229 87 6.9 50.3
   6 6 5096 0.212 120 7 20.8
   7 7 5603 0.209 88 7 52
   8 8 6874 0.247 54 6.8 82.9
   9 9 6884 0.23 50 7.1 91.4
   10 10 6935 0.246 71 6.9 68
   11 11 5926 0.258 80 6.9 57.8
   12 12 5083 0.247 81 7.2 61.9
   13 13 5452 0.215 78 7.2 66.4
   14 14 6984 0.251 72 7.1 70.2
   15 15 5472 0.217 69 7 71.3
   16 16 5608 0.217 77 7.1 64.9
   17 17 5807 0.233 89 6.9 50.2
   18 18 1938 0.227 78 7.3 67.4
   19 19 5495 0.241 71 6 50
   20 20 5486 0.238 50 6.7 82.7
   21 21 5468 0.244 91 6.9 46.3
   22 22 6274 0.244 85 6.9 53.3
   23 23 5395 0.225 95 6.9 43.7
   24 24 6860 0.234 69 7.2 74.9
