
                             #ME234_2 number 237.

#02-DEC-2014 , 22:39:17 (Geneva time)

   #N AFEB pos. AFEB num. Int.cap.(pF) U(mv)20fc Gain Offset
   1 1 12080038 0.2846 82.76 7.22 61.63
   2 2 12080650 0.2081 87.53 7.21 56.63
   3 3 12080110 0.2352 102.57 6.79 33.31
   4 4 12080196 0.2016 104.94 7.3 41.1
   5 5 12080428 0.2199 79.66 6.84 57.1
   6 6 12080285 0.2125 113.31 7.19 30.54
   7 7 12080023 0.1915 98.07 6.97 41.35
   8 8 12080102 0.2124 88.39 7.06 52.83
   9 9 12080718 0.2284 93.94 6.55 37.15
   10 10 12080340 0.2193 109.69 7.01 30.47
   11 11 12080473 0.2104 93.76 7.47 55.67
   12 12 12080631 0.1975 101.38 6.93 37.25
   13 13 12080710 0.2117 103.64 7.49 46.17
   14 14 12080070 0.2189 86.08 6.94 52.82
   15 15 12080487 0.2128 109.41 6.95 29.5
   16 16 12080705 0.2134 90.01 6.8 45.94
   17 17 10612 0.246 88 7.1 53.4
   18 18 12080219 0.244 91.64 6.83 44.91
   19 19 12080225 0.2374 108.53 6.77 26.81
   20 20 12080750 0.2172 82.48 7.1 59.6
   21 21 12080119 0.2073 96.77 6.95 42.25
   22 22 10600 0.242 96 7.1 45.1
   23 23 12080360 0.2154 96 6.54 34.73
   24 24 12080140 0.2361 92.2 6.93 46.44
