
                               #ME1_2 number 73.

#02-DEC-2014 , 22:14:52 (Geneva time)

   #N AFEB pos. AFEB num. Int.cap.(pF) U(mv)20fc Gain Offset
   1 1 6152 0.218 79 6.8 57.5
   2 2 6248 0.227 93 6.4 34.6
   3 3 6157 0.245 75 7.2 68.9
   4 4 6444 0.247 96 6.1 26.9
   5 5 6120 0.245 95 5.9 23.7
   6 6 5291 0.227 84 6.4 45.3
   7 7 3404 0.229 55 6.3 71.4
   8 8 7850 0.243 66 6.8 69.1
   9 9 7752 0.237 56 6.8 80.7
   10 10 1510 0.24 67 6.8 69.2
   11 11 1514 0.242 80 6.9 58.9
   12 12 1473 0.23 80 7.2 62.9
   13 13 1413 0.235 108 7 32.5
   14 14 1523 0.254 63 6.9 75.8
   15 15 7678 0.254 91 7 47.8
   16 16 7820 0.253 69 7 71.2
   17 17 3343 0.246 97 6.8 38.8
   18 18 6925 0.25 99 7.2 45.5
   19 19 7755 0.232 64 7.1 78.1
   20 20 7791 0.232 90 7.4 57.3
   21 21 7665 0.251 69 6.6 62.1
   22 22 6857 0.244 114 7.1 28.9
   23 23 9577 0.254 58 6.7 75.2
   24 24 7770 0.216 60 6.9 79.1
