
                              #ME234_2 number 78.

#02-DEC-2014 , 22:15:20 (Geneva time)

   #N AFEB pos. AFEB num. Int.cap.(pF) U(mv)20fc Gain Offset
   1 1 11119 0.261 100 7.5 51.2
   2 2 11714 0.22 94 7 45.9
   3 3 11415 0.235 51 6.5 79.5
   4 4 11705 0.229 113 6.7 20.9
   5 5 11717 0.233 98 7.1 45.1
   6 6 11345 0.232 111 7 29.7
   7 7 11101 0.237 87 6.3 39.7
   8 8 11555 0.216 118 7.1 22.9
   9 9 11610 0.226 92 7.4 55.4
   10 10 11575 0.235 96 7.1 45
   11 11 11566 0.218 97 7.1 45.3
   12 12 11544 0.244 110 6.6 22.4
   13 13 11756 0.252 110 6.5 20
   14 14 11071 0.243 96 7 43.4
   15 15 11554 0.268 89 7.1 53.8
   16 16 5023 0.228 75 6 45.6
   17 17 4987 0.242 88 7.1 54
   18 18 5567 0.232 89 7.3 56.5
   19 19 5564 0.229 85 7.1 56.7
   20 20 4754 0.239 68 7 72.4
   21 21 4828 0.238 88 6.7 45.2
   22 22 5646 0.226 91 6.8 45.3
   23 23 5594 0.217 72 6 48.8
   24 24 4947 0.236 98 6.6 35.1
