
                               #ME4_1 number 34.

#02-DEC-2014 , 22:15:43 (Geneva time)

   #N AFEB pos. AFEB num. Int.cap.(pF) U(mv)20fc Gain Offset
   1 1 10713 0.213 120 6.9 17.7
   2 2 10886 0.232 113 6.8 22.6
   3 3 10662 0.231 128 7.2 15.1
   4 4 10933 0.236 116 7.1 26.6
   5 5 10946 0.222 94 6.7 40.1
   6 6 10954 0.229 94 6.7 39.5
   7 7 10437 0.24 90 7.1 51.3
   8 8 10880 0.216 95 7.2 49.5
   9 9 10865 0.255 131 7.6 20.2
   10 10 10452 0.244 101 6.8 34.1
   11 11 11029 0.243 92 7 48.8
   12 12 10696 0.274 106 7.4 43.1
   13 13 10882 0.232 96 6.8 40.5
   14 14 10676 0.239 104 7.2 40.3
   15 15 10694 0.218 94 7 46.1
   16 16 10883 0.232 98 7 42
   17 17 10919 0.252 107 6.8 27.7
   18 18 10712 0.229 108 6.9 29.4
   19 19 10940 0.237 95 7 44.9
   20 20 10997 0.218 57 7.5 92.7
   21 21 10926 0.238 112 6.7 22.5
   22 22 10699 0.225 98 7.2 46.6
   23 23 11481 0.263 103 6.9 34.4
   24 24 10700 0.216 107 6.9 32
   25 25 10911 0.227 96 7.1 46.3
   26 26 10875 0.26 112 7 27.3
   27 27 10675 0.23 104 6.9 35
   28 28 10812 0.231 84 6.6 46.7
   29 29 10903 0.204 94 7.2 49
   30 30 10861 0.238 94 7.1 48.6
   31 31 10744 0.221 92 7 47.8
   32 32 10704 0.231 118 7.1 23.2
   33 33 10938 0.224 97 7.4 51
   34 34 10994 0.233 119 6.9 19.3
   35 35 10781 0.242 102 7.4 45.5
   36 36 10945 0.217 77 7.1 65.9
