
                               #ME1_2 number 21.

#02-DEC-2014 , 22:14:45 (Geneva time)

   #N AFEB pos. AFEB num. Int.cap.(pF) U(mv)20fc Gain Offset
   1 1 6521 0.243 55 6.7 78.5
   2 2 6529 0.231 81 6.4 45.9
   3 3 4916 0.223 83 7.2 60.2
   4 4 6570 0.254 69 7.6 83.3
   5 5 4973 0.246 77 6.9 60.3
   6 6 6475 0.252 73 6 46.5
   7 7 2106 0.243 86 6.9 51.7
   8 8 2145 0.235 86 6.8 51.3
   9 9 4717 0.245 66 6.6 65.8
   10 10 4596 0.249 69 6.8 66.6
   11 11 2070 0.259 87 6.9 50.8
   12 12 2069 0.229 76 7.1 66.8
   13 13 2020 0.239 82 7.2 62
   14 14 2065 0.226 99 7.1 43.2
   15 15 2179 0.205 85 7.1 57.3
   16 16 2154 0.236 106 6.9 31.7
   17 17 4579 0.245 73 7.3 73
   18 18 4597 0.248 90 6.7 44.2
   19 19 4657 0.232 83 6.6 49.6
   20 20 2215 0.221 105 7 34.7
   21 21 3702 0.247 126 6.6 7.3
   22 22 2017 0.246 76 6.8 59.3
   23 23 4654 0.271 92 6.6 39.3
   24 24 2125 0.205 90 6.8 45.1
