
                               #ME2_1 number 16.

#02-DEC-2014 , 22:15:04 (Geneva time)

   #N AFEB pos. AFEB num. Int.cap.(pF) U(mv)20fc Gain Offset
   1 1 2218 0.231 124 6.8 12.3
   2 2 2241 0.222 99 7 41.2
   3 3 1862 0.26 94 7.3 52.3
   4 4 2230 0.228 78 7.1 63.7
   5 5 1889 0.246 64 6.6 68.2
   6 6 2097 0.25 85 6.8 50.9
   7 7 2242 0.222 72 6.5 57.9
   8 8 1860 0.207 99 7.1 42.9
   9 9 2755 0.222 87 7.1 54.9
   10 10 2722 0.247 105 6.8 29.7
   11 11 2729 0.222 77 7.1 64.5
   12 12 2086 0.272 69 6.8 66.3
   13 13 2747 0.241 84 7.3 63.3
   14 14 2132 0.242 96 6.7 38.4
   15 15 2136 0.239 71 6.7 62.2
   16 16 2716 0.25 109 7 30.9
   17 17 2760 0.232 118 7.4 29.9
   18 18 2159 0.251 97 6.9 42
   19 19 2254 0.262 61 6.5 69.6
   20 20 1952 0.225 86 7.2 57.9
   21 21 2131 0.262 98 6.4 29.9
   22 22 2272 0.273 79 6.7 55
   23 23 2077 0.258 75 6.9 62.5
   24 24 1957 0.238 89 7 51.2
   25 25 2197 0.243 87 6.2 36.6
   26 26 2248 0.233 97 7.1 44.1
   27 27 2727 0.243 91 6.9 47.5
   28 28 2730 0.248 64 7.1 78.8
   29 29 2256 0.227 56 7.1 85.8
   30 30 2114 0.253 70 7.2 73.7
   31 31 2126 0.227 84 6.8 51.8
   32 32 2188 0.239 81 6.5 49.1
   33 33 2268 0.231 91 6.9 48
   34 34 2737 0.25 75 6.6 56.5
   35 35 2713 0.233 84 7 55.8
   36 36 2146 0.204 95 7.1 45.8
   37 37 1868 0.252 85 7.1 57.1
   38 38 2275 0.296 73 7.1 69.5
   39 39 2204 0.239 69 7.1 71.9
   40 40 2725 0.263 83 6.5 48.2
   41 41 2258 0.24 90 6.8 46.3
   42 42 2744 0.227 94 6.8 42.2
