
                             #ME234_2 number 138.

#02-DEC-2014 , 22:15:29 (Geneva time)

   #N AFEB pos. AFEB num. Int.cap.(pF) U(mv)20fc Gain Offset
   1 1 10258 0.216 108 7.2 35.6
   2 2 10330 0.258 100 6.9 38.2
   3 3 10328 0.214 102 6.9 37.2
   4 4 10303 0.248 93 6.8 42.2
   5 5 10316 0.239 104 6.6 28.5
   6 6 12007 0.216 91 7.1 51.9
   7 7 10339 0.222 87 7.1 55.1
   8 8 10224 0.235 117 6.8 19.6
   9 9 10332 0.246 101 6.9 37.9
   10 10 10326 0.238 99 6.7 34.8
   11 11 10250 0.243 92 7.2 52.7
   12 12 10308 0.21 100 7.1 42.3
   13 13 11864 0.246 118 6.3 8.7
   14 14 10345 0.22 110 6.8 27
   15 15 10367 0.248 96 6.8 41.4
   16 16 10355 0.223 104 6.9 33.5
   17 17 10342 0.236 88 7 51.6
   18 18 10455 0.237 103 7.5 47
   19 19 11514 0.283 94 6.6 39.1
   20 20 10347 0.235 93 6.7 41.3
   21 21 11890 0.211 91 7.4 56.3
   22 22 253 0.226 66 7.1 76.5
   23 23 10275 0.249 105 7.1 37.3
   24 24 3160 0.263 76 7.2 68.8
