
                               #ME4_1 number 27.

#02-DEC-2014 , 22:15:42 (Geneva time)

   #N AFEB pos. AFEB num. Int.cap.(pF) U(mv)20fc Gain Offset
   1 1 349 0.227 86 6.7 47.8
   2 2 5908 0.229 84 6.9 54.1
   3 3 6966 0.216 90 6.7 43.1
   4 4 5430 0.224 97 6.8 39.1
   5 5 4622 0.232 84 7.1 58.3
   6 6 6082 0.228 97 6.2 26.9
   7 7 8958 0.246 106 6.7 27.7
   8 8 3256 0.243 93 6.1 28.6
   9 9 5140 0.237 84 7.3 61.4
   10 10 345 0.235 132 6.6 .9
   11 11 1503 0.237 93 6.5 36.7
   12 12 5708 0.232 86 6.6 46.8
   13 13 322 0.238 88 6.9 50.3
   14 14 4699 0.245 94 6.2 30.5
   15 15 5645 0.241 90 6.8 45.5
   16 16 7833 0.252 102 7.4 45.1
   17 17 5990 0.242 93 6.8 43.3
   18 18 6074 0.244 88 6.3 37.6
   19 19 6068 0.225 91 6.5 38.5
   20 20 4971 0.244 94 6.5 35.8
   21 21 8708 0.21 110 7.1 32.2
   22 22 5493 0.236 95 6.1 27.4
   23 23 3888 0.261 84 6.6 48.8
   24 24 2430 0.242 92 6.6 39.9
   25 25 10013 0.283 102 6.6 28.7
   26 26 10800 0.211 95 7.1 46.4
   27 27 11500 0.258 90 7.5 60.5
   28 28 11737 0.218 101 6.9 37.9
   29 29 10846 0.212 99 6.9 38.6
   30 30 11759 0.242 107 6.9 31.3
   31 31 581 0.242 107 6.7 25.7
   32 32 11111 0.246 75 7.4 72.9
   33 33 10207 0.234 103 6.9 35.8
   34 34 11465 0.248 103 6.8 33.3
   35 35 7917 0.279 89 6.4 39.4
   36 36 576 0.269 83 6.7 49.7
