
                               #ME2_1 number 13.

#02-DEC-2014 , 22:15:03 (Geneva time)

   #N AFEB pos. AFEB num. Int.cap.(pF) U(mv)20fc Gain Offset
   1 1 3385 0.255 82 7.4 66.8
   2 2 2882 0.235 75 6.6 56.4
   3 3 2998 0.253 112 6.8 23.9
   4 4 3329 0.246 69 6.3 56
   5 5 3073 0.248 81 6.7 53.5
   6 6 1783 0.247 66 6.3 59.6
   7 7 1311 0.235 70 7.2 74.2
   8 8 1504 0.264 77 6.6 55.3
   9 9 3578 0.215 83 6.5 46.5
   10 10 1800 0.242 54 7 86.7
   11 11 1623 0.243 112 6.6 20.5
   12 12 1603 0.231 84 7.1 59
   13 13 2990 0.235 100 7.1 43.2
   14 14 3594 0.245 96 6.8 39.8
   15 15 3185 0.243 59 6.4 69.5
   16 16 3538 0.245 79 6.9 60.1
   17 17 3467 0.234 92 6.9 46.8
   18 18 3390 0.228 93 6.4 35.1
   19 19 6911 0.203 99 7.1 43
   20 20 3637 0.21 73 6.4 56
   21 21 2940 0.247 111 6.8 25.1
   22 22 5684 0.214 107 7.1 34.3
   23 23 460 0.276 102 5.9 15.9
   24 24 683 0.242 103 6.5 26.6
   25 25 1404 0.208 99 7.2 44.1
   26 26 3497 0.251 60 6.6 71.7
   27 27 3111 0.233 55 6.6 77.1
   28 28 10249 0.231 102 6.2 22.4
   29 29 3926 0.268 118 6.7 15.4
   30 30 3117 0.234 70 6.5 59.8
   31 31 6634 0.238 94 6.4 34.6
   32 32 7744 0.256 107 6.1 15.5
   33 33 2437 0.254 107 6.4 20.7
   34 34 3197 0.242 73 7.1 68.9
   35 35 7255 0.243 99 6.4 30.1
   36 36 580 0.261 106 6.4 21.7
   37 37 1543 0.234 92 6.9 44.7
   38 38 3350 0.244 89 6.6 43
   39 39 3230 0.274 64 6.9 74.2
   40 40 3176 0.218 72 6.4 55.3
   41 41 3582 0.242 82 7.1 59.5
   42 42 3356 0.24 70 6.7 64.6
