
                               #ME1_3 number 72.

#02-DEC-2014 , 22:15:00 (Geneva time)

   #N AFEB pos. AFEB num. Int.cap.(pF) U(mv)20fc Gain Offset
   1 1 6764 0.216 56 6.9 81.8
   2 2 6766 0.237 83 7.1 59.1
   3 3 6772 0.21 60 7 80.2
   4 4 6758 0.286 87 6.8 48.1
   5 5 5872 0.227 53 7.1 88.5
   6 6 6704 0.238 65 7.2 79.7
   7 7 6705 0.297 65 6.6 67.2
   8 8 6645 0.228 58 6.9 80.6
   9 9 6737 0.217 61 6.9 76.8
   10 10 6554 0.228 105 6.9 34.5
   11 11 6194 0.236 75 7 65.3
   12 12 6648 0.237 87 6.1 35.2
