
                               #ME1_2 number 16.

#02-DEC-2014 , 22:14:44 (Geneva time)

   #N AFEB pos. AFEB num. Int.cap.(pF) U(mv)20fc Gain Offset
   1 1 4871 0.214 87 6.9 51.9
   2 2 4857 0.249 48 7.3 98.5
   3 3 4872 0.214 75 6.8 62.2
   4 4 4891 0.218 65 7.2 78.4
   5 5 6655 0.24 74 6.6 58.4
   6 6 6533 0.226 87 6.4 40.4
   7 7 4662 0.233 71 7.1 70.5
   8 8 3799 0.233 66 7 73.8
   9 9 2113 0.22 103 7.1 39.4
   10 10 2068 0.228 88 6.9 49.9
   11 11 4710 0.24 89 6.7 44.9
   12 12 1993 0.23 98 6.9 40.9
   13 13 2101 0.221 69 7.2 74.1
   14 14 1979 0.232 96 6.9 42.1
   15 15 2134 0.22 131 6.9 7.7
   16 16 2208 0.219 95 7.3 51
   17 17 2108 0.222 120 7.1 22.3
   18 18 2059 0.226 104 6.9 34
   19 19 4709 0.234 70 6.8 65.7
   20 20 4610 0.248 85 7 54.8
   21 21 4576 0.238 86 7.2 57.2
   22 22 4700 0.242 78 6.9 60.7
   23 23 4641 0.235 89 7 50.2
   24 24 1996 0.221 71 7.1 70.8
