
                             #ME234_2 number 264.

#02-DEC-2014 , 22:39:20 (Geneva time)

   #N AFEB pos. AFEB num. Int.cap.(pF) U(mv)20fc Gain Offset
   1 1 1989 0.252 102 6.5 27.6
   2 2 4330 0.227 73 6.8 63.3
   3 3 1980 0.216 51 6.3 76
   4 4 2523 0.235 100 7.4 47.6
   5 5 7892 0.23 56 7.2 89
   6 6 2270 0.231 50 6.5 80.6
   7 7 7250 0.246 82 6.8 53.8
   8 8 4723 0.22 69 7.4 79.5
   9 9 7501 0.245 81 6.9 56.4
   10 10 9405 0.238 97 6.5 33.7
   11 11 2754 0.25 57 6.4 71.4
   12 12 2478 0.231 79 7.1 63.4
   13 13 2628 0.239 80 7.4 67.2
   14 14 7290 0.246 79 6.9 58
   15 15 401 0.277 80 6.5 49.8
   16 16 474 0.248 91 6.9 46.8
   17 17 2172 0.208 134 6.9 2.9
   18 18 495 0.236 102 6.8 33
   19 19 326 0.236 97 6.8 38.4
   20 20 8211 0.232 81 6.9 57.6
   21 21 359 0.24 105 7.1 36.3
   22 22 41 0.304 111 6.9 27.4
   23 23 3156 0.227 46 6.4 81.5
   24 24 678 0.261 121 7 18.2
