
                             #ME234_2 number 128.

#02-DEC-2014 , 22:15:27 (Geneva time)

   #N AFEB pos. AFEB num. Int.cap.(pF) U(mv)20fc Gain Offset
   1 1 5233 0.248 78 7.1 63.5
   2 2 5278 0.261 77 6.1 44.3
   3 3 4271 0.241 69 6.5 61.5
   4 4 4450 0.275 85 6.5 45
   5 5 4147 0.248 71 7.1 70.2
   6 6 5143 0.227 84 7 55.7
   7 7 5184 0.248 88 6.7 47.2
   8 8 4388 0.228 77 6.7 58.1
   9 9 5213 0.244 75 7 64.6
   10 10 9507 0.257 90 6.9 48.9
   11 11 5196 0.237 94 7.1 48.3
   12 12 4257 0.219 73 6.7 60.6
   13 13 5157 0.258 64 7 75.7
   14 14 4471 0.239 93 6.6 39.2
   15 15 4231 0.237 65 6.8 72.3
   16 16 4478 0.233 59 6.9 79.6
   17 17 5201 0.22 81 7.3 65.8
   18 18 5187 0.232 64 7 75.6
   19 19 4473 0.248 84 7.3 61.1
   20 20 4259 0.217 86 6.9 51.6
   21 21 4487 0.241 75 7 64
   22 22 4443 0.254 72 7 68.8
   23 23 4430 0.237 77 6.8 59.4
   24 24 4215 0.276 79 7.2 65.8
