
                               #ME3_1 number 37.

#02-DEC-2014 , 22:15:37 (Geneva time)

   #N AFEB pos. AFEB num. Int.cap.(pF) U(mv)20fc Gain Offset
   1 1 9743 0.234 99 6.9 39.5
   2 2 3811 0.228 91 6.8 45.2
   3 3 3796 0.246 78 6.3 47.4
   4 4 3684 0.258 91 6.7 43.3
   5 5 4145 0.251 97 6.7 36.3
   6 6 3832 0.239 60 6.9 77.6
   7 7 3938 0.245 65 6.8 71
   8 8 3950 0.211 96 6.9 42.2
   9 9 4150 0.216 113 7 26.1
   10 10 3823 0.227 72 6.9 67.2
   11 11 9746 0.238 85 7.3 61.1
   12 12 3691 0.256 95 6.7 37.9
   13 13 3925 0.218 73 7 67.5
   14 14 3685 0.224 97 6.9 41.8
   15 15 9785 0.231 94 6.8 41.7
   16 16 3675 0.249 75 7.5 74.6
   17 17 9796 0.247 46 6.6 86
   18 18 3710 0.276 88 7.1 54.1
   19 19 3816 0.211 81 7.5 67.9
   20 20 9758 0.253 104 6.8 31.8
   21 21 4080 0.264 49 6.7 84.2
   22 22 4206 0.225 65 6.9 72.9
   23 23 4082 0.232 83 6.9 54.9
   24 24 3730 0.224 70 6.4 58.4
   25 25 4198 0.242 61 6.6 70.4
   26 26 3948 0.238 78 6.8 59.2
   27 27 4152 0.238 75 7.3 70.7
   28 28 9791 0.246 79 7.2 65.4
   29 29 3828 0.229 105 7.1 36.3
   30 30 4350 0.274 85 6.8 51.9
   31 31 4364 0.242 85 7 54.5
   32 32 3843 0.249 66 6.5 63.4
   33 33 4090 0.275 107 6.9 31
   34 34 3850 0.235 91 7.1 49.7
   35 35 4104 0.247 82 6.5 47.7
   36 36 9782 0.224 87 6.7 46.4
