
                               #ME3_1 number 9.

#02-DEC-2014 , 22:15:32 (Geneva time)

   #N AFEB pos. AFEB num. Int.cap.(pF) U(mv)20fc Gain Offset
   1 1 2294 0.215 92 6.6 39.6
   2 2 9036 0.238 86 7.2 57.2
   3 3 9208 0.232 91 6.5 38
   4 4 5952 0.254 94 6.4 34.7
   5 5 919 0.245 102 6.4 26.9
   6 6 9576 0.253 133 7 6
   7 7 1774 0.254 86 5.9 32.9
   8 8 4095 0.234 112 6.8 23
   9 9 2972 0.205 90 6.9 47.5
   10 10 2458 0.232 107 6.9 31.1
   11 11 8885 0.221 114 7.4 34.3
   12 12 5460 0.226 104 7.2 40.6
   13 13 3465 0.207 95 6.9 42.4
   14 14 726 0.219 140 6.6 -8.4
   15 15 8377 0.231 114 7 26.4
   16 16 3633 0.231 118 6.8 19.4
   17 17 12171 0.235 103 6.9 34.6
   18 18 2508 0.202 111 7.3 36.2
   19 19 1728 0.229 96 6.3 30
   20 20 9750 0.217 113 7 27.2
   21 21 2570 0.228 105 7.2 38.7
   22 22 4177 0.216 82 7.1 60.2
   23 23 8462 0.223 133 7 7.3
   24 24 9747 0.26 104 5.9 13.5
   25 25 1481 0.221 99 6.8 37.3
   26 26 1385 0.231 121 7 19.2
   27 27 6952 0.208 131 6.9 7.3
   28 28 2936 0.222 91 7.1 52.2
   29 29 1108 0.24 131 7.4 16.9
   30 30 3069 0.236 102 7.1 41.1
   31 31 150 0.237 129 6.6 2.7
   32 32 8668 0.256 82 7 57.6
   33 33 4195 0.233 70 6.8 66.2
   34 34 4106 0.247 55 7 84.6
   35 35 648 0.244 150 6.9 -11.9
   36 36 3679 0.226 74 7 66.9
