
                              #ME234_2 number 8.

#02-DEC-2014 , 22:15:09 (Geneva time)

   #N AFEB pos. AFEB num. Int.cap.(pF) U(mv)20fc Gain Offset
   1 1 3506 0.238 70 6.9 68.9
   2 2 1154 0.241 76 6.7 58.2
   3 3 1029 0.272 86 7 53.5
   4 4 1524 0.246 83 7.3 63.2
   5 5 1410 0.251 58 6.8 78.9
   6 6 3244 0.224 72 6.5 57.3
   7 7 1608 0.221 61 6.9 77.4
   8 8 549 0.243 81 7.1 61.1
   9 9 483 0.278 58 6.7 75.6
   10 10 562 0.241 77 6.9 60.4
   11 11 1507 0.255 73 7.2 71.2
   12 12 972 0.251 79 6.8 56.9
   13 13 1439 0.262 62 7 77.7
   14 14 524 0.244 94 7.2 50
   15 15 1067 0.253 90 7.1 51.6
   16 16 468 0.23 85 7.1 58
   17 17 470 0.246 81 7 58.5
   18 18 1019 0.267 84 7.1 57.5
   19 19 1498 0.291 67 7.1 74.8
   20 20 1317 0.214 108 6.7 26.8
   21 21 1476 0.25 85 7 55.9
   22 22 1801 0.217 89 7 51.3
   23 23 1381 0.232 64 7 76.4
   24 24 1298 0.228 69 7.3 75.8
