
                             #ME234_2 number 226.

#02-DEC-2014 , 22:39:16 (Geneva time)

   #N AFEB pos. AFEB num. Int.cap.(pF) U(mv)20fc Gain Offset
   1 1 1090 0.238 86 6.8 49.5
   2 2 10133 0.218 105 6.8 31.8
   3 3 1249 0.207 59 6.8 76.4
   4 4 10844 0.233 106 6.7 27.4
   5 5 10245 0.249 96 7 44
   6 6 3631 0.229 97 6 22.9
   7 7 10096 0.246 109 6.9 29.2
   8 8 6862 0.243 61 6.8 75.6
   9 9 3132 0.233 70 6.8 65.8
   10 10 3159 0.253 86 7.2 57.6
   11 11 10527 0.272 91 7.2 54.2
   12 12 10857 0.212 122 7.5 28.5
   13 13 11246 0.224 91 7.2 52.8
   14 14 10028 0.232 102 7.3 44.4
   15 15 10128 0.239 93 7 47.4
   16 16 10288 0.238 95 7.3 52.2
   17 17 10185 0.224 102 6.8 34.7
   18 18 10141 0.234 106 6.9 32.7
   19 19 10016 0.253 109 6.8 28.3
   20 20 10132 0.249 97 7 42.2
   21 21 10265 0.234 102 6.9 36.6
   22 22 10130 0.259 103 6.8 32.9
   23 23 10069 0.224 113 6.8 23.9
   24 24 10049 0.232 98 6.9 39.8
