
                             #ME234_2 number 227.

#02-DEC-2014 , 22:39:21 (Geneva time)

   #N AFEB pos. AFEB num. Int.cap.(pF) U(mv)20fc Gain Offset
   1 1 7351 0.255 90 7.3 56.3
   2 2 6812 0.23 108 7.1 34.8
   3 3 6621 0.24 71 6.9 68.1
   4 4 6733 0.265 77 7.1 64
   5 5 6193 0.228 75 6.3 50.8
   6 6 5530 0.224 91 6.9 47.2
   7 7 6627 0.237 51 6.2 72.4
   8 8 6820 0.244 80 6.9 58.7
   9 9 6680 0.241 68 6.8 69.1
   10 10 8158 0.252 102 7.1 38.7
   11 11 9874 0.251 95 6.1 26.6
   12 12 6685 0.246 89 7 49.8
   13 13 6623 0.238 73 6.2 51.6
   14 14 6827 0.234 65 7 74.5
   15 15 5269 0.236 69 6.8 66.8
   16 16 8235 0.252 100 6.4 29.1
   17 17 5621 0.238 85 6.8 51.5
   18 18 6665 0.246 79 6.9 58.6
   19 19 6747 0.264 74 7.1 67.8
   20 20 6710 0.227 77 7 63.3
   21 21 2723 0.241 55 7.1 86.7
   22 22 10101 0.245 110 7.2 34
   23 23 9125 0.239 75 6.9 63
   24 24 9456 0.247 94 6.3 31.6
