
                               #ME4_1 number 35.

#02-DEC-2014 , 22:15:44 (Geneva time)

   #N AFEB pos. AFEB num. Int.cap.(pF) U(mv)20fc Gain Offset
   1 1 11437 0.234 101 7.1 41
   2 2 11296 0.225 109 7.1 31.7
   3 3 11344 0.234 113 6.9 24.6
   4 4 11339 0.214 95 6.8 41.3
   5 5 11241 0.218 110 7.1 32.6
   6 6 11383 0.255 89 6.9 49.3
   7 7 11300 0.246 86 6.3 39.6
   8 8 11401 0.25 76 6.3 50.1
   9 9 11451 0.217 111 7 29.3
   10 10 11384 0.246 57 6.8 78.4
   11 11 11279 0.22 88 6.9 50.5
   12 12 10052 0.225 96 6.8 40.7
   13 13 11330 0.241 139 7.3 7
   14 14 11292 0.25 94 6.8 41.3
   15 15 11128 0.219 101 7.1 41.4
   16 16 11318 0.225 77 6.9 60.9
   17 17 11456 0.232 73 6.7 61.3
   18 18 11305 0.247 111 6.9 26.5
   19 19 11301 0.206 123 7.2 20.8
   20 20 11284 0.24 59 6.9 79.5
   21 21 11380 0.241 104 7.1 38
   22 22 11353 0.244 107 7.2 37.8
   23 23 11419 0.216 111 7.2 33.4
   24 24 11441 0.226 89 7.4 59.5
   25 25 11411 0.248 120 6.9 18.1
   26 26 11349 0.273 97 7 42.9
   27 27 11405 0.227 97 7.4 52.3
   28 28 11454 0.248 106 6.7 28.1
   29 29 11336 0.223 113 7.4 34.4
   30 30 11398 0.25 99 6.9 38.5
   31 31 10057 0.238 101 7 39.2
   32 32 10004 0.267 100 6.7 34.4
   33 33 10001 0.256 112 7.6 39
   34 34 11351 0.233 90 7.2 53.8
   35 35 11450 0.218 100 7.1 41.2
   36 36 11360 0.235 91 6.3 35.3
