
                               #ME3_1 number 25.

#02-DEC-2014 , 22:15:35 (Geneva time)

   #N AFEB pos. AFEB num. Int.cap.(pF) U(mv)20fc Gain Offset
   1 1 3476 0.266 69 7 71
   2 2 3076 0.237 62 7 79
   3 3 3269 0.255 60 6.7 73.8
   4 4 2913 0.236 97 7.3 48.2
   5 5 2973 0.231 77 6.3 50
   6 6 3602 0.249 78 6.9 60.1
   7 7 1452 0.213 122 7 18.7
   8 8 3363 0.25 100 7.2 44.2
   9 9 3007 0.241 64 6.6 68.7
   10 10 3237 0.241 57 6.8 79.8
   11 11 3135 0.215 91 7 48.9
   12 12 2943 0.235 58 6.4 70.3
   13 13 2859 0.237 102 6.8 34
   14 14 3048 0.242 92 6.9 45.9
   15 15 2886 0.246 84 6.6 48.3
   16 16 3242 0.228 79 7.4 69.3
   17 17 3401 0.238 86 6.8 49.4
   18 18 2904 0.225 83 6.4 45.3
   19 19 3286 0.22 69 7.1 73.6
   20 20 3504 0.248 93 6.5 37.6
   21 21 3545 0.229 75 6.4 52.9
   22 22 3367 0.234 95 6.8 42.4
   23 23 2820 0.238 83 7.1 58.3
   24 24 1466 0.224 113 6.9 25.8
   25 25 3424 0.223 93 6.9 45.2
   26 26 3294 0.235 50 6.7 84.3
   27 27 3359 0.265 79 6.4 49
   28 28 3577 0.234 74 7.1 67.8
   29 29 2993 0.213 106 7.3 39.3
   30 30 1512 0.248 96 6.7 38.4
   31 31 4527 0.274 66 7.5 83.9
   32 32 3225 0.219 82 7.3 65
   33 33 2926 0.262 66 6.5 64.4
   34 34 2881 0.215 90 7.5 59.9
   35 35 1590 0.229 75 6.9 64.3
   36 36 3555 0.236 78 6.9 60.3
