
                               #ME4_1 number 28.

#02-DEC-2014 , 22:15:42 (Geneva time)

   #N AFEB pos. AFEB num. Int.cap.(pF) U(mv)20fc Gain Offset
   1 1 10158 0.25 120 6.9 17.1
   2 2 10281 0.214 106 6.9 32.1
   3 3 10127 0.215 107 7.1 34.7
   4 4 11109 0.249 54 6.3 72.8
   5 5 11897 0.278 95 7.6 57.7
   6 6 11399 0.238 46 6.6 86.8
   7 7 10754 0.215 101 6.9 37
   8 8 11477 0.228 108 7.5 40.8
   9 9 11626 0.238 114 6.5 16.5
   10 10 11403 0.202 112 6.8 24.5
   11 11 11281 0.246 100 6.7 33.7
   12 12 12167 0.248 119 6.6 13
   13 13 5257 0.217 85 6.8 51.6
   14 14 10698 0.243 99 7.7 55.2
   15 15 11645 0.202 119 7.1 23.1
   16 16 10161 0.245 122 7 18.8
   17 17 10665 0.254 101 6.4 28
   18 18 11313 0.26 56 6.8 81
   19 19 10428 0.245 117 6.9 21.5
   20 20 10019 0.235 123 6.9 14.9
   21 21 11691 0.24 111 6.9 26.7
   22 22 11051 0.204 105 7 34.3
   23 23 4726 0.282 92 6.3 34
   24 24 10270 0.248 158 6.7 -24.1
   25 25 5103 0.229 93 6 27.9
   26 26 11254 0.247 112 7.1 29.1
   27 27 10174 0.219 100 7.1 41.9
   28 28 12099 0.208 133 6.9 5.5
   29 29 10941 0.232 105 6.9 33
   30 30 10691 0.209 100 6.7 34.9
   31 31 10588 0.235 100 7.1 42.4
   32 32 10484 0.235 113 7.5 37.1
   33 33 10925 0.246 105 6.8 30.1
   34 34 10973 0.244 96 7.5 55.2
   35 35 11613 0.216 98 7.1 42.8
   36 36 10868 0.212 108 6.9 29.9
