
                               #ME1_3 number 44.

#02-DEC-2014 , 22:14:57 (Geneva time)

   #N AFEB pos. AFEB num. Int.cap.(pF) U(mv)20fc Gain Offset
   1 1 8251 0.221 60 7.1 80.9
   2 2 9820 0.23 76 6.3 50.5
   3 3 8361 0.273 84 7.1 58.2
   4 4 8275 0.2 72 7.1 70.2
   5 5 8277 0.245 90 7 50.1
   6 6 8437 0.263 88 6.6 42.6
   7 7 8175 0.229 77 6.8 58.7
   8 8 8242 0.264 72 7.2 73.2
   9 9 8254 0.244 97 7 42.1
   10 10 8240 0.228 106 7 34.9
   11 11 8262 0.23 75 7.2 68.5
   12 12 8455 0.253 98 6.6 34.4
