
                               #ME1_2 number 36.

#02-DEC-2014 , 22:14:47 (Geneva time)

   #N AFEB pos. AFEB num. Int.cap.(pF) U(mv)20fc Gain Offset
   1 1 6127 0.288 43 6.4 85.1
   2 2 6512 0.246 85 6 35.6
   3 3 6589 0.231 86 7 54.5
   4 4 6597 0.241 84 7.1 56.8
   5 5 6114 0.22 45 6.7 89.6
   6 6 6232 0.224 86 7.1 57.2
   7 7 8472 0.223 88 7.6 63.3
   8 8 1550 0.212 65 6.8 70.7
   9 9 4455 0.241 48 7 92.3
   10 10 8072 0.213 59 6.5 70.9
   11 11 9338 0.232 81 6.3 45.6
   12 12 8376 0.23 92 7.1 49.6
   13 13 8619 0.239 90 7.1 51.9
   14 14 8607 0.239 88 6.5 41.7
   15 15 4214 0.245 75 7.3 69.7
   16 16 5420 0.237 89 6.8 47.4
   17 17 9545 0.228 70 6.5 59.5
   18 18 3728 0.237 103 7 37.7
   19 19 7131 0.214 78 7.1 63.4
   20 20 7418 0.232 62 7.1 79.6
   21 21 8091 0.259 77 7.3 69.2
   22 22 9435 0.215 64 7 76.3
   23 23 7072 0.236 76 6.8 59.4
   24 24 6046 0.218 111 6.9 28
