
                               #ME4_1 number 15.

#02-DEC-2014 , 22:15:40 (Geneva time)

   #N AFEB pos. AFEB num. Int.cap.(pF) U(mv)20fc Gain Offset
   1 1 11905 0.23 109 6.9 29
   2 2 11929 0.252 101 7 39.4
   3 3 12188 0.225 102 7 38.6
   4 4 11888 0.249 96 6.9 41.2
   5 5 12065 0.208 113 7 26.7
   6 6 12098 0.242 106 6.7 28.5
   7 7 11831 0.221 96 7.2 48.6
   8 8 12148 0.254 96 7 44.6
   9 9 12176 0.239 98 7 42.4
   10 10 11787 0.243 111 7.1 29.5
   11 11 12180 0.229 90 7.3 55.4
   12 12 12043 0.243 96 7.2 47.9
   13 13 11803 0.274 95 7.6 56.5
   14 14 12111 0.215 108 6.8 28.1
   15 15 11909 0.229 101 6.7 33.2
   16 16 12071 0.245 95 6.9 43.2
   17 17 12094 0.24 91 7.2 54.3
   18 18 11858 0.217 95 7.1 47.5
   19 19 11792 0.203 96 7.2 49.3
   20 20 11981 0.234 95 7.1 46.9
   21 21 11947 0.228 95 6.8 41.1
   22 22 11827 0.233 122 6.8 13.9
   23 23 11911 0.264 103 7 36.6
   24 24 11818 0.27 92 7.7 61.7
   25 25 12125 0.221 102 7.1 39.9
   26 26 11820 0.275 107 6.8 29.3
   27 27 12053 0.241 117 6.8 18.9
   28 28 11868 0.232 96 7.1 45.1
   29 29 12068 0.217 96 6.9 41.7
   30 30 11834 0.235 76 7.1 66
   31 31 12091 0.24 107 6.9 30.2
   32 32 12179 0.217 114 6.6 19
   33 33 12113 0.23 98 7.1 44.9
   34 34 12089 0.209 100 7 39.4
   35 35 11850 0.234 96 7 44.1
   36 36 12169 0.25 90 7.4 57.1
