
                              #ME234_2 number 17.

#02-DEC-2014 , 22:15:11 (Geneva time)

   #N AFEB pos. AFEB num. Int.cap.(pF) U(mv)20fc Gain Offset
   1 1 933 0.279 84 6.8 52.7
   2 2 969 0.272 86 6.5 45.1
   3 3 232 0.277 82 6.5 47.2
   4 4 1708 0.241 67 6.1 56.2
   5 5 1102 0.242 125 7.4 24.2
   6 6 453 0.244 58 6.8 78.3
   7 7 582 0.246 81 6.8 54.3
   8 8 559 0.23 121 7.1 20.3
   9 9 1095 0.241 95 6.8 40.6
   10 10 254 0.278 89 6.6 44.1
   11 11 502 0.231 101 6.7 32.8
   12 12 2522 0.234 92 7.2 52.1
   13 13 264 0.243 123 6.8 12.8
   14 14 923 0.274 113 6.6 18.3
   15 15 1125 0.224 56 7.3 90.2
   16 16 1266 0.247 81 7.1 60.8
   17 17 245 0.239 74 7 66.4
   18 18 387 0.261 80 7.1 61.7
   19 19 2768 0.227 49 6.8 87.6
   20 20 153 0.249 122 6.9 17.2
   21 21 662 0.233 111 7.1 29.9
   22 22 755 0.284 78 6.7 55.3
   23 23 371 0.235 102 7.2 42.3
   24 24 2339 0.223 98 7.2 46.3
