
                               #ME1_2 number 27.

#02-DEC-2014 , 22:14:45 (Geneva time)

   #N AFEB pos. AFEB num. Int.cap.(pF) U(mv)20fc Gain Offset
   1 1 6116 0.216 74 6.8 62.2
   2 2 6528 0.227 50 6.2 73.9
   3 3 6244 0.226 86 6.9 52
   4 4 6486 0.241 90 6.9 48
   5 5 6505 0.251 60 6.8 76
   6 6 6020 0.227 97 7.1 44.8
   7 7 4663 0.237 83 6.5 47
   8 8 4685 0.253 51 7 89.1
   9 9 4574 0.246 75 7 64.7
   10 10 7544 0.24 56 6.3 69.1
   11 11 7476 0.23 75 7 65.8
   12 12 4587 0.25 78 6.9 59.8
   13 13 3788 0.232 91 6.6 40.9
   14 14 4341 0.24 66 6.9 71.3
   15 15 7499 0.249 85 7.1 56.1
   16 16 4609 0.221 52 7.1 88.7
   17 17 4573 0.249 120 6.7 13.8
   18 18 7533 0.252 79 7.1 63.9
   19 19 4711 0.255 68 7.1 74
   20 20 4322 0.245 76 7 64.3
   21 21 4542 0.238 55 6.8 81.2
   22 22 4632 0.22 61 7.1 82.2
   23 23 4730 0.241 84 6.8 52.4
   24 24 4545 0.23 59 6.7 75.9
