
                               #ME1_2 number 63.

#02-DEC-2014 , 22:14:51 (Geneva time)

   #N AFEB pos. AFEB num. Int.cap.(pF) U(mv)20fc Gain Offset
   1 1 6090 0.213 61 7.4 87
   2 2 5181 0.243 60 7 79.9
   3 3 9271 0.24 62 7.2 81.3
   4 4 6594 0.246 79 6.2 45.9
   5 5 6154 0.227 68 7.1 73.5
   6 6 6086 0.228 79 7.1 63.7
   7 7 7560 0.233 73 7.3 74.2
   8 8 9475 0.234 112 6.7 21.6
   9 9 7479 0.253 77 6.8 58.4
   10 10 4337 0.226 72 7.3 74.6
   11 11 4720 0.229 108 6.9 29.4
   12 12 4560 0.241 103 7.2 42.1
   13 13 4027 0.228 85 6.8 50.3
   14 14 7547 0.25 74 6.9 65.5
   15 15 7539 0.244 75 7.2 67.8
   16 16 4533 0.253 77 7 64
   17 17 4675 0.228 67 7.2 76.9
   18 18 4325 0.221 68 6.9 68.9
   19 19 9299 0.212 120 7.1 22.2
   20 20 4684 0.25 100 6.5 28.8
   21 21 7545 0.245 57 7.3 88.7
   22 22 4614 0.218 74 7.1 68.7
   23 23 4668 0.245 77 6.9 61.3
   24 24 4589 0.288 84 6.5 46.6
