
                               #ME2_1 number 30.

#02-DEC-2014 , 22:15:07 (Geneva time)

   #N AFEB pos. AFEB num. Int.cap.(pF) U(mv)20fc Gain Offset
   1 1 8076 0.249 71 5.9 47.1
   2 2 4638 0.247 81 6.6 51.2
   3 3 8112 0.224 73 7.2 70.8
   4 4 3844 0.227 78 7 63.2
   5 5 4319 0.276 110 7 30.1
   6 6 3792 0.255 80 7.1 61.5
   7 7 8147 0.237 79 7.5 71.6
   8 8 7804 0.228 60 7.3 85.7
   9 9 4204 0.251 63 6.6 67.7
   10 10 4303 0.25 69 7.2 75.4
   11 11 3841 0.23 56 6.8 79.9
   12 12 7982 0.246 75 6.7 58.4
   13 13 7915 0.221 66 6.6 66.2
   14 14 7999 0.219 89 7.1 52.7
   15 15 7916 0.225 118 6.2 7.5
   16 16 7943 0.222 90 7.2 54.2
   17 17 8150 0.216 88 6.9 51
   18 18 7928 0.206 88 7.2 56.6
   19 19 7898 0.249 69 6.9 70.1
   20 20 7895 0.239 105 7.3 41.6
   21 21 7950 0.236 97 7 43
   22 22 8154 0.236 101 6.7 34.1
   23 23 7988 0.231 106 6.9 32.3
   24 24 7927 0.223 95 6.9 43.2
   25 25 8132 0.244 57 7 83.1
   26 26 8153 0.223 93 6.2 31.6
   27 27 7922 0.254 104 6.8 31.9
   28 28 7996 0.244 83 6.9 55.3
   29 29 8144 0.232 67 7 73.4
   30 30 7995 0.255 82 6.9 55.2
   31 31 7912 0.254 75 7 64.9
   32 32 7914 0.225 105 7.4 42.1
   33 33 8006 0.244 89 6.5 40.4
   34 34 8008 0.235 64 6.1 58.5
   35 35 4047 0.278 64 6.7 70.5
   36 36 7978 0.233 83 6.9 54.6
   37 37 7907 0.231 59 6.4 68.6
   38 38 8032 0.235 74 7 66.1
   39 39 8014 0.218 102 7.1 39.7
   40 40 3968 0.248 43 6.5 87.5
   41 41 7967 0.243 80 7.1 61.4
   42 42 4060 0.25 91 6.4 36.7
