
                               #ME4_1 number 30.

#02-DEC-2014 , 22:15:42 (Geneva time)

   #N AFEB pos. AFEB num. Int.cap.(pF) U(mv)20fc Gain Offset
   1 1 11790 0.24 113 7.1 27.9
   2 2 12164 0.238 95 7.2 49.5
   3 3 12163 0.213 117 7 21.8
   4 4 11886 0.233 89 7 51.9
   5 5 11795 0.263 96 6.7 37.2
   6 6 11840 0.248 110 6.8 26.9
   7 7 12054 0.249 95 7.3 50.5
   8 8 11990 0.243 98 7 41.9
   9 9 12090 0.251 125 6.9 13.4
   10 10 11793 0.225 97 6.8 38.7
   11 11 12072 0.244 103 6.9 35.5
   12 12 12183 0.216 131 7 7.9
   13 13 11966 0.232 97 7.2 46.6
   14 14 12080 0.224 118 7 22.6
   15 15 11786 0.221 89 6.9 50
   16 16 12144 0.266 97 6.9 41
   17 17 11978 0.27 102 7.4 44.9
   18 18 12165 0.248 101 6.9 36.5
   19 19 12185 0.214 113 6.7 21.6
   20 20 12151 0.21 103 7.1 39.4
   21 21 11910 0.243 124 7 16.2
   22 22 11964 0.307 110 6.6 22.1
   23 23 11925 0.284 98 7.1 44.1
   24 24 11926 0.252 99 7.1 42.2
   25 25 11982 0.219 95 7.3 50.5
   26 26 12048 0.206 133 7.3 12.9
   27 27 12182 0.229 98 6.7 35
   28 28 11856 0.23 96 6.9 41.6
   29 29 11842 0.229 111 7 29.9
   30 30 11904 0.243 117 6.8 19.4
   31 31 12175 0.229 103 6.8 33.2
   32 32 11903 0.228 95 7.1 46.7
   33 33 11979 0.233 98 7.2 46.5
   34 34 11833 0.228 105 6.5 24.5
   35 35 12088 0.219 107 7.1 35.4
   36 36 12093 0.215 101 7 38.4
