
                               #ME3_1 number 18.

#02-DEC-2014 , 22:15:34 (Geneva time)

   #N AFEB pos. AFEB num. Int.cap.(pF) U(mv)20fc Gain Offset
   1 1 8665 0.247 88 7.1 54.5
   2 2 7781 0.224 50 6.4 78.8
   3 3 8593 0.238 61 6.8 75.1
   4 4 8616 0.247 87 6.9 52.4
   5 5 8509 0.289 66 6.7 67.8
   6 6 8628 0.242 46 6.1 75.8
   7 7 8536 0.237 67 6.3 58.9
   8 8 8632 0.241 101 6.8 35.3
   9 9 8584 0.218 59 7.1 82.5
   10 10 8729 0.213 87 7.1 54.4
   11 11 8552 0.26 84 6.8 51.4
   12 12 8683 0.232 84 6.9 53.8
   13 13 8604 0.231 86 6.8 51.4
   14 14 8830 0.245 95 6.6 36.7
   15 15 8893 0.238 68 6.8 68.5
   16 16 8686 0.241 90 6.8 46.1
   17 17 8645 0.256 62 6.9 77.3
   18 18 8717 0.264 87 7 54.1
   19 19 8648 0.229 70 7.1 71.4
   20 20 8994 0.237 90 6.8 44.7
   21 21 8650 0.226 92 6.8 43.4
   22 22 8633 0.231 60 7.4 88.6
   23 23 8707 0.239 96 7.1 45.7
   24 24 8577 0.22 82 6.7 51.6
   25 25 8766 0.261 76 6.5 55.2
   26 26 8872 0.242 80 7 60
   27 27 8993 0.22 90 7.2 53.4
   28 28 8730 0.247 76 7.3 70.9
   29 29 8737 0.258 75 6.9 63.4
   30 30 9045 0.223 74 6.9 65.2
   31 31 8696 0.241 86 6.9 53.3
   32 32 8826 0.248 90 7.1 51.2
   33 33 8809 0.238 64 6.8 71.7
   34 34 8694 0.266 59 6.7 75.4
   35 35 8626 0.229 89 6.7 45.8
   36 36 8814 0.234 96 7.1 45.7
