
                               #ME1_3 number 25.

#02-DEC-2014 , 22:14:55 (Geneva time)

   #N AFEB pos. AFEB num. Int.cap.(pF) U(mv)20fc Gain Offset
   1 1 9495 0.245 55 6.8 80.7
   2 2 9800 0.236 85 7.3 60.1
   3 3 9847 0.253 88 7.2 56.8
   4 4 9775 0.229 79 7.2 65.1
   5 5 9893 0.236 81 7.3 63.7
   6 6 9871 0.256 76 7.1 64.8
   7 7 8117 0.232 84 7.1 58
   8 8 9106 0.225 84 6.9 54.6
   9 9 9835 0.244 72 7 67.9
   10 10 9053 0.228 96 6.6 35.4
   11 11 9825 0.226 117 7.4 30.1
   12 12 9733 0.225 71 7.2 73.8
