
                               #ME4_1 number 37.

#02-DEC-2014 , 22:15:44 (Geneva time)

   #N AFEB pos. AFEB num. Int.cap.(pF) U(mv)20fc Gain Offset
   1 1 11449 0.226 90 6.7 43.8
   2 2 11312 0.245 116 6.9 22.9
   3 3 11282 0.229 112 6.8 24.1
   4 4 11272 0.223 96 7.5 53.6
   5 5 10064 0.248 101 6.7 32.9
   6 6 11298 0.22 112 6.9 26.1
   7 7 11392 0.226 85 7.1 57.2
   8 8 11430 0.216 96 7 44.1
   9 9 11289 0.234 90 7.2 53.6
   10 10 11117 0.245 96 6.5 34.1
   11 11 11412 0.248 95 6.9 43.3
   12 12 11324 0.248 118 7.1 23.4
   13 13 11242 0.251 113 7.1 28.9
   14 14 11295 0.23 53 6.8 83.6
   15 15 11265 0.218 105 7.2 39.1
   16 16 11291 0.246 101 7.1 41.4
   17 17 10058 0.247 96 6.5 34.9
   18 18 11236 0.238 95 7 46
   19 19 11114 0.257 118 7 22
   20 20 11326 0.243 93 6.9 45.8
   21 21 11407 0.231 108 6.9 29.6
   22 22 10048 0.248 97 6.8 38.4
   23 23 11387 0.218 124 7.2 19.6
   24 24 11379 0.242 85 6.8 51.6
   25 25 11372 0.229 94 6.8 40.8
   26 26 11238 0.23 106 7.1 35.1
   27 27 11342 0.243 115 6.9 22.8
   28 28 11237 0.223 108 6.9 29.4
   29 29 11442 0.244 87 7.4 60.5
   30 30 11332 0.259 91 6.7 42.2
   31 31 10070 0.235 118 6.7 16.6
   32 32 11100 0.229 98 7.3 47
   33 33 11123 0.214 95 7.3 51.5
   34 34 10039 0.24 110 7.1 31.4
   35 35 11294 0.234 94 6.8 43.4
   36 36 10115 0.226 99 6.9 38.7
