
                              #ME234_2 number 22.

#02-DEC-2014 , 22:15:11 (Geneva time)

   #N AFEB pos. AFEB num. Int.cap.(pF) U(mv)20fc Gain Offset
   1 1 482 0.251 110 7.2 34.7
   2 2 1053 0.274 108 6.8 28.5
   3 3 458 0.261 104 6.8 31.1
   4 4 567 0.24 116 7.1 26.1
   5 5 848 0.286 75 6.7 58.3
   6 6 619 0.24 113 6.8 23.4
   7 7 62 0.236 111 6.9 27.6
   8 8 1009 0.238 115 7.1 27.8
   9 9 521 0.231 134 7 5.3
   10 10 10 0.257 111 6.7 22.3
   11 11 473 0.258 106 7.3 40.1
   12 12 111 0.257 102 7.3 43.3
   13 13 706 0.242 110 7.1 31.6
   14 14 1001 0.257 122 7 19
   15 15 822 0.231 106 7.3 38.8
   16 16 1069 0.251 102 7.3 44.5
   17 17 745 0.278 69 6.7 66.3
   18 18 507 0.248 107 7.1 33.9
   19 19 540 0.25 83 7 58.3
   20 20 82 0.239 86 7.2 58.4
   21 21 603 0.265 89 7.1 53.4
   22 22 479 0.235 118 7 21.7
   23 23 72 0.243 107 7.1 34.6
   24 24 523 0.254 111 6.9 27.4
