
                               #ME1_2 number 25.

#02-DEC-2014 , 22:14:45 (Geneva time)

   #N AFEB pos. AFEB num. Int.cap.(pF) U(mv)20fc Gain Offset
   1 1 6506 0.24 65 6.3 61.7
   2 2 6242 0.216 70 7.1 72.5
   3 3 6124 0.217 79 7.1 63.1
   4 4 6168 0.228 77 7.2 66
   5 5 6134 0.241 90 7.2 53.6
   6 6 6653 0.22 58 7 82.4
   7 7 4413 0.229 75 7.3 71.1
   8 8 4468 0.227 43 6.6 89.6
   9 9 5496 0.245 49 6.6 82.9
   10 10 3780 0.249 85 6.8 49.9
   11 11 3927 0.275 84 6.8 51.9
   12 12 6008 0.24 77 7 62.6
   13 13 4501 0.262 67 7 73.1
   14 14 4976 0.205 73 7 66.6
   15 15 9463 0.215 54 6.6 77.9
   16 16 1591 0.229 73 6.9 65
   17 17 5569 0.236 79 7.1 61.6
   18 18 5994 0.202 111 7 28.8
   19 19 5559 0.233 105 7.1 36.9
   20 20 7645 0.232 80 6.8 56.5
   21 21 8442 0.24 70 7 69.8
   22 22 5702 0.248 65 6.9 72.9
   23 23 4464 0.238 77 6.9 60.8
   24 24 4438 0.248 93 6.9 44.7
