
                               #ME1_3 number 15.

#02-DEC-2014 , 22:14:54 (Geneva time)

   #N AFEB pos. AFEB num. Int.cap.(pF) U(mv)20fc Gain Offset
   1 1 6233 0.233 74 7 66.8
   2 2 6255 0.248 74 6.1 47.8
   3 3 6408 0.239 80 7.2 63.4
   4 4 6209 0.237 73 6.6 58.3
   5 5 6354 0.223 71 6.4 56.6
   6 6 6231 0.213 69 6.8 67.2
   7 7 6377 0.239 88 6.1 34.1
   8 8 6344 0.231 67 6.6 65.7
   9 9 6190 0.225 76 7 64.5
   10 10 6183 0.236 72 7.1 70.5
   11 11 6337 0.274 80 6.9 58.5
   12 12 6285 0.244 69 6.7 65.2
