
                               #ME4_1 number 16.

#02-DEC-2014 , 22:15:40 (Geneva time)

   #N AFEB pos. AFEB num. Int.cap.(pF) U(mv)20fc Gain Offset
   1 1 3949 0.222 81 7 58.1
   2 2 11806 0.203 118 7.2 26
   3 3 11144 0.248 89 6.9 49.9
   4 4 12161 0.238 95 6.9 43.4
   5 5 10983 0.214 97 6.6 36.1
   6 6 10900 0.209 102 6.8 35.1
   7 7 10896 0.218 119 6.8 17.9
   8 8 11171 0.244 101 6.7 33.5
   9 9 10785 0.204 107 7.1 34.7
   10 10 10677 0.225 111 7.3 35.1
   11 11 11079 0.251 100 6.6 31.3
   12 12 11063 0.239 85 7 54.1
   13 13 12174 0.208 100 7.3 46.4
   14 14 11082 0.237 90 7.1 52.2
   15 15 11130 0.231 107 7.3 38.3
   16 16 11211 0.262 102 7.1 40.6
   17 17 11087 0.228 103 6.8 34.5
   18 18 11086 0.248 93 6.8 43.6
   19 19 11129 0.249 101 6.8 35.5
   20 20 11093 0.25 116 6.7 17.6
   21 21 11408 0.234 96 7 44.3
   22 22 11205 0.247 105 6.8 31.6
   23 23 10893 0.211 96 7 42.7
   24 24 11145 0.218 61 6.9 77.9
   25 25 11178 0.258 95 7.5 55.9
   26 26 11214 0.255 60 6.9 78.2
   27 27 11151 0.221 101 7.3 45
   28 28 11140 0.238 121 7.2 22.2
   29 29 11078 0.254 92 7.4 55.3
   30 30 11490 0.26 110 6.7 24
   31 31 11404 0.245 110 6.6 22.7
   32 32 11075 0.221 104 7.3 40.9
   33 33 11132 0.222 97 7.2 48
   34 34 11134 0.22 110 7.2 33.3
   35 35 11428 0.237 106 7 34
   36 36 11073 0.242 106 6.7 28
