
                               #ME1_3 number 52.

#02-DEC-2014 , 22:14:58 (Geneva time)

   #N AFEB pos. AFEB num. Int.cap.(pF) U(mv)20fc Gain Offset
   1 1 6048 0.22 104 7.1 36.9
   2 2 6493 0.229 83 7.1 59.5
   3 3 6495 0.238 85 7.1 57.3
   4 4 6663 0.215 82 7.3 63.6
   5 5 6447 0.216 96 6.5 32.8
   6 6 6614 0.248 44 7.2 99.5
   7 7 6684 0.259 69 7.4 79.2
   8 8 6448 0.246 92 5.8 24.7
   9 9 6240 0.245 68 7 72
   10 10 6620 0.259 92 6.5 37
   11 11 4967 0.211 87 7.1 54
   12 12 6602 0.238 79 7 60.2
