
                              #ME234_2 number 2.

#02-DEC-2014 , 22:15:09 (Geneva time)

   #N AFEB pos. AFEB num. Int.cap.(pF) U(mv)20fc Gain Offset
   1 1 227 0.241 80 7.1 61.6
   2 2 2898 0.242 94 6.8 41.1
   3 3 174 0.275 99 6.7 35.1
   4 4 563 0.245 112 6.7 23.1
   5 5 3883 0.244 73 6.8 64.1
   6 6 5578 0.246 79 6.8 56.3
   7 7 1364 0.259 107 7 32.5
   8 8 1139 0.247 91 6.8 44.7
   9 9 1596 0.233 94 7 46.6
   10 10 1111 0.243 88 6.8 48.5
   11 11 8564 0.249 85 7.1 56.4
   12 12 4504 0.25 81 6.7 53.5
   13 13 4997 0.244 71 6.1 51
   14 14 5647 0.242 88 6.9 51
   15 15 428 0.233 99 7 40.3
   16 16 3398 0.237 111 6.8 24.8
   17 17 5623 0.249 78 6.7 54.9
   18 18 992 0.243 103 7 37.5
   19 19 675 0.242 130 7.2 14.5
   20 20 8487 0.246 83 6.8 54.2
   21 21 869 0.227 86 6.9 53.3
   22 22 411 0.254 94 7.1 47.4
   23 23 3358 0.234 100 7 40.2
   24 24 3232 0.256 96 6.4 32.2
