
                               #ME4_1 number 2.

#02-DEC-2014 , 22:15:37 (Geneva time)

   #N AFEB pos. AFEB num. Int.cap.(pF) U(mv)20fc Gain Offset
   1 1 11357 0.251 91 7.2 53.9
   2 2 10214 0.216 104 7 36.3
   3 3 10062 0.244 104 6.9 34.4
   4 4 11358 0.245 107 7.1 34.8
   5 5 10173 0.23 93 6.8 42.8
   6 6 10139 0.277 96 7.1 45.3
   7 7 10164 0.242 97 7 42.5
   8 8 10195 0.228 106 6.6 26.1
   9 9 10143 0.255 124 6.6 7.3
   10 10 10209 0.227 105 7 35.4
   11 11 10178 0.23 115 6.8 21.6
   12 12 10108 0.219 99 7 40.4
   13 13 11098 0.232 101 7 39.4
   14 14 10203 0.237 101 6.6 31.2
   15 15 10144 0.233 93 7 45.8
   16 16 10160 0.23 97 6.7 36.4
   17 17 10137 0.229 119 6.6 13.3
   18 18 11293 0.247 90 6.9 47.6
   19 19 10079 0.246 94 6.9 44.7
   20 20 10113 0.236 104 6.3 21.8
   21 21 10083 0.26 126 6.4 1.7
   22 22 10170 0.219 116 7 23.2
   23 23 10167 0.237 104 6.7 29.7
   24 24 10169 0.229 98 6.8 39.2
   25 25 10090 0.23 114 7 25.9
   26 26 11307 0.22 103 7.3 43.2
   27 27 10091 0.234 100 6.7 33.4
   28 28 11361 0.231 111 7 28.8
   29 29 10080 0.217 124 6.9 13.8
   30 30 10222 0.249 132 6.8 3.9
   31 31 4242 0.247 91 6.7 42.9
   32 32 11310 0.243 107 6.7 27.5
   33 33 11269 0.243 95 7 44.9
   34 34 5764 0.231 101 6.7 32
   35 35 5056 0.235 97 6 22.9
   36 36 4593 0.235 93 6 27.8
