
                              #ME234_2 number 25.

#02-DEC-2014 , 22:15:12 (Geneva time)

   #N AFEB pos. AFEB num. Int.cap.(pF) U(mv)20fc Gain Offset
   1 1 4304 0.246 68 6.8 68.2
   2 2 3372 0.233 100 7.3 45.2
   3 3 3134 0.238 83 6.7 51.2
   4 4 8353 0.245 89 7.1 53.5
   5 5 4055 0.23 78 7 61.8
   6 6 1129 0.244 82 6.9 56.5
   7 7 3031 0.207 85 7.1 55.6
   8 8 2453 0.25 78 6.7 56.1
   9 9 2331 0.245 117 6.8 19.4
   10 10 5704 0.225 81 6.8 55.4
   11 11 8248 0.234 95 7 44.3
   12 12 5974 0.236 83 6.8 53.2
   13 13 3302 0.242 83 6.4 44.3
   14 14 2831 0.276 78 6.7 55.2
   15 15 2611 0.236 88 7 52.2
   16 16 5648 0.25 97 6.8 39.2
   17 17 2835 0.25 105 6.7 30.2
   18 18 2303 0.248 99 7.6 53.1
   19 19 3204 0.231 68 7.3 78
   20 20 3125 0.231 85 6.9 53.4
   21 21 3059 0.23 91 6.5 39.8
   22 22 8471 0.22 90 7.2 52.9
   23 23 8338 0.226 80 7 60.7
   24 24 2545 0.226 94 7.2 49.5
