
                             #ME234_2 number 218.

#02-DEC-2014 , 22:39:13 (Geneva time)

   #N AFEB pos. AFEB num. Int.cap.(pF) U(mv)20fc Gain Offset
   1 1 5778 0.231 76 6.8 60
   2 2 5459 0.242 91 6.9 47.4
   3 3 5821 0.234 84 6.8 51.1
   4 4 5072 0.239 81 6.6 51.4
   5 5 5767 0.239 81 6.9 56.9
   6 6 5782 0.235 94 6.3 32.7
   7 7 6945 0.249 68 7 72.4
   8 8 6985 0.247 72 6.8 64.1
   9 9 1929 0.232 81 7 58.3
   10 10 5122 0.252 92 6.9 47.4
   11 11 6871 0.226 97 7.6 54.2
   12 12 2745 0.266 54 7.2 90
   13 13 5120 0.234 95 6.3 31.6
   14 14 5450 0.251 70 6.9 68.4
   15 15 12080696 0.2021 108.55 7.08 32.96
   16 16 5500 0.255 80 7 60.6
   17 17 5916 0.234 58 6.4 71.4
   18 18 5086 0.201 106 6.8 31.1
   19 19 5834 0.221 88 6.9 51.2
   20 20 5492 0.277 95 6.1 27.2
   21 21 1914 0.23 100 7 39.1
   22 22 6271 0.247 62 6.6 69.7
   23 23 5809 0.222 91 6.8 44.7
   24 24 5733 0.219 88 7.4 59.1
