
                              #ME234_2 number 84.

#02-DEC-2014 , 22:15:21 (Geneva time)

   #N AFEB pos. AFEB num. Int.cap.(pF) U(mv)20fc Gain Offset
   1 1 3354 0.232 77 6.3 48.3
   2 2 7785 0.237 97 6.9 41.4
   3 3 3570 0.217 90 7 50.7
   4 4 7884 0.241 72 6.8 64.1
   5 5 9659 0.239 77 7.4 70.6
   6 6 7784 0.236 63 6.8 72.8
   7 7 7842 0.264 67 6.7 68.3
   8 8 9515 0.243 83 6.4 45.4
   9 9 7710 0.25 89 6.8 47.8
   10 10 7875 0.225 96 6.5 34.4
   11 11 7677 0.245 72 6.9 64.7
   12 12 7753 0.21 80 7.1 62.3
   13 13 7778 0.221 75 6.8 59.9
   14 14 9460 0.228 71 6.7 62.6
   15 15 7829 0.262 90 6.6 41.5
   16 16 7630 0.213 87 7.1 56.2
   17 17 7695 0.229 83 6.9 55.4
   18 18 3407 0.246 76 7.1 66.8
   19 19 7637 0.244 67 6.6 65.7
   20 20 7756 0.237 61 7 79.7
   21 21 9648 0.249 78 6.6 54.2
   22 22 9511 0.262 68 6.1 54.4
   23 23 8323 0.251 91 7 47.8
   24 24 7701 0.229 71 6.9 66.9
