
                             #ME234_2 number 119.

#02-DEC-2014 , 22:15:26 (Geneva time)

   #N AFEB pos. AFEB num. Int.cap.(pF) U(mv)20fc Gain Offset
   1 1 8016 0.238 93 6.3 33.6
   2 2 8835 0.231 57 6.9 81.8
   3 3 8816 0.228 70 7.1 72
   4 4 8448 0.235 74 7.1 67.1
   5 5 8861 0.242 62 6.7 72.3
   6 6 8891 0.223 78 7.1 63.1
   7 7 8841 0.242 79 7 60.2
   8 8 8970 0.249 71 6.8 65.7
   9 9 3893 0.23 54 6.9 84.6
   10 10 3899 0.242 80 7 59
   11 11 8582 0.23 82 7.2 60.7
   12 12 8875 0.243 68 6.7 66.3
   13 13 8801 0.242 66 7.2 77.7
   14 14 8534 0.248 69 6.9 68.7
   15 15 4167 0.22 88 6.7 46.1
   16 16 9255 0.216 70 6.8 66.9
   17 17 7185 0.22 87 6.5 42.2
   18 18 8860 0.258 89 7 51.5
   19 19 9251 0.23 90 6.4 37.4
   20 20 1787 0.229 92 6.9 45.4
   21 21 8069 0.239 55 6.8 81
   22 22 1604 0.229 82 6.3 44.2
   23 23 1752 0.23 80 6.2 45.1
   24 24 8642 0.253 88 6.8 47.8
