
                             #ME234_2 number 262.

#02-DEC-2014 , 22:39:20 (Geneva time)

   #N AFEB pos. AFEB num. Int.cap.(pF) U(mv)20fc Gain Offset
   1 1 10593 0.249 115 7 25
   2 2 10986 0.252 93 7.1 49.5
   3 3 10589 0.237 95 7 45.2
   4 4 10570 0.23 103 7.1 38.1
   5 5 11056 0.23 116 7.1 25.2
   6 6 10599 0.228 101 6.7 32.3
   7 7 10583 0.251 97 7.2 46.1
   8 8 10596 0.237 138 7.1 3.9
   9 9 10509 0.204 104 7.2 39.9
   10 10 11015 0.233 91 7.3 55.7
   11 11 10619 0.218 106 7 35
   12 12 10448 0.265 115 6.6 17.1
   13 13 10489 0.24 96 7.1 46
   14 14 10590 0.253 102 6.4 27
   15 15 11023 0.231 93 7 46.5
   16 16 10389 0.234 107 7 32.6
   17 17 10475 0.269 116 6.8 20.2
   18 18 11049 0.229 105 6.8 31
   19 19 10567 0.234 102 6.9 35.6
   20 20 10408 0.242 101 7.4 47.6
   21 21 10580 0.233 117 6.8 18.3
   22 22 10913 0.233 98 7 42.1
   23 23 10578 0.241 97 7.3 48.5
   24 24 10651 0.233 109 6.5 20.7
