
                               #ME2_1 number 1.

#02-DEC-2014 , 22:15:00 (Geneva time)

   #N AFEB pos. AFEB num. Int.cap.(pF) U(mv)20fc Gain Offset
   1 1 2164 0.23 86 7.4 62.4
   2 2 2001 0.232 97 7.2 46.2
   3 3 2036 0.262 87 7 51.8
   4 4 2219 0.231 94 7.1 48.2
   5 5 2194 0.224 78 7.1 63.6
   6 6 2739 0.246 121 6.6 11.5
   7 7 2207 0.218 106 7.1 36.3
   8 8 2264 0.218 100 7.3 46.9
   9 9 2752 0.262 49 6.5 81.3
   10 10 2085 0.256 100 6.6 32.7
   11 11 2088 0.27 75 7 65.1
   12 12 2129 0.24 89 7.1 52.7
   13 13 2196 0.241 68 6.6 63.4
   14 14 2074 0.242 74 7 65.3
   15 15 2130 0.224 71 6.3 55.3
   16 16 2756 0.25 85 7.4 63.2
   17 17 2192 0.222 74 7.2 68.9
   18 18 2261 0.221 72 6.6 59.5
   19 19 2250 0.237 61 7.4 87
   20 20 2189 0.215 117 6.8 18.9
   21 21 2100 0.243 75 6.9 62.2
   22 22 2229 0.207 70 6.9 69
   23 23 2273 0.278 86 6.9 51.1
   24 24 2078 0.216 112 7.1 29.5
   25 25 2135 0.257 79 6.4 50.5
   26 26 2257 0.234 87 6.7 46.7
   27 27 2084 0.256 80 7.2 64.9
   28 28 2238 0.22 123 7.1 18
   29 29 2089 0.241 104 6.8 31
   30 30 2750 0.238 80 7.3 65.9
   31 31 2028 0.251 58 6.7 76.4
   32 32 2274 0.271 101 6.7 32.5
   33 33 1947 0.208 99 7.2 45
   34 34 1873 0.238 88 7.1 53.3
   35 35 2742 0.241 87 6.8 49.7
   36 36 2169 0.235 88 7.1 54
   37 37 2138 0.243 94 6.8 41.4
   38 38 2758 0.231 84 7.2 61.3
   39 39 2182 0.244 86 6.7 48.3
   40 40 2220 0.242 105 6.6 27.6
   41 41 2217 0.246 89 7.3 57.2
   42 42 2276 0.218 91 6.3 35.8
