
                              #ME234_2 number 53.

#02-DEC-2014 , 22:15:16 (Geneva time)

   #N AFEB pos. AFEB num. Int.cap.(pF) U(mv)20fc Gain Offset
   1 1 2338 0.206 78 7 62.8
   2 2 1534 0.236 86 6.8 50.1
   3 3 3178 0.24 84 6.5 45.7
   4 4 3351 0.215 84 6.9 53.6
   5 5 1682 0.208 114 7.2 29.6
   6 6 3604 0.237 109 7.1 33
   7 7 1212 0.256 59 7.1 82.7
   8 8 2289 0.254 96 6.9 43.2
   9 9 3613 0.255 94 6.8 42.7
   10 10 2767 0.236 75 6.8 61.4
   11 11 3569 0.229 51 6.2 74.1
   12 12 2457 0.236 84 7.5 65.2
   13 13 2590 0.243 89 6.8 47.2
   14 14 1182 0.228 56 6.8 78.8
   15 15 20 0.279 102 6.7 32.9
   16 16 2452 0.235 81 6.8 54.5
   17 17 2800 0.217 66 7 72.9
   18 18 2398 0.234 76 6.9 63.3
   19 19 2507 0.231 81 7 58.9
   20 20 55 0.229 89 6.5 40.3
   21 21 3455 0.249 85 6.3 41.6
   22 22 2544 0.229 103 7.2 40.9
   23 23 541 0.246 116 7 24.4
   24 24 2609 0.243 74 6.7 60.5
