
                             #ME234_2 number 255.

#02-DEC-2014 , 22:39:16 (Geneva time)

   #N AFEB pos. AFEB num. Int.cap.(pF) U(mv)20fc Gain Offset
   1 1 12080617 0.2263 93.9 7.02 46.5
   2 2 12080072 0.1981 95.31 7.09 46.53
   3 3 12080161 0.2009 110.38 7.12 32.12
   4 4 12080295 0.2106 85.59 7.02 54.87
   5 5 12080672 0.2335 102.87 6.8 33.05
   6 6 12080711 0.2061 97.76 6.88 39.93
   7 7 12080039 0.2194 91.33 6.89 46.45
   8 8 12080197 0.2133 46.53 7.17 96.82
   9 9 12080246 0.2144 71.83 6.85 65.12
   10 10 12080412 0.2199 91.72 7.19 52.07
   11 11 12080032 0.2282 77.46 6.44 51.29
   12 12 12080658 0.2025 114.36 6.88 23.22
   13 13 12080367 0.2108 89.84 7.34 56.97
   14 14 12080444 0.2143 62.81 7 77.11
   15 15 12080663 0.2113 90.78 7.04 50.1
   16 16 12080409 0.2181 119.38 6.84 17.44
   17 17 12080402 0.2202 118.79 6.85 18.11
   18 18 12080716 0.2312 80.17 6.36 47.02
   19 19 12080355 0.2438 78 6.27 47.48
   20 20 12080639 0.2187 68.19 6.91 70.1
   21 21 12080291 0.2269 92.42 6.95 46.57
   22 22 12080286 0.2407 29.45 7.13 113.17
   23 23 12080129 0.271 86.69 6.84 50.19
   24 24 12080706 0.2356 123.32 7.45 25.63
