
                             #ME234_2 number 133.

#02-DEC-2014 , 22:15:28 (Geneva time)

   #N AFEB pos. AFEB num. Int.cap.(pF) U(mv)20fc Gain Offset
   1 1 7168 0.213 101 7 38.9
   2 2 7041 0.234 67 6.1 54.6
   3 3 7095 0.234 74 7 66.5
   4 4 7017 0.25 71 6.1 51.4
   5 5 5683 0.247 75 7 65.5
   6 6 6951 0.232 59 6.9 79.4
   7 7 6969 0.249 83 7.1 59.4
   8 8 7053 0.216 51 7.1 91.2
   9 9 7058 0.21 94 7 45.9
   10 10 7114 0.231 102 6.6 30.7
   11 11 6954 0.241 78 6.8 57
   12 12 7046 0.233 87 6.4 41.9
   13 13 7038 0.245 66 7 74.3
   14 14 7130 0.25 59 6.7 74.7
   15 15 7059 0.229 81 7 58.8
   16 16 8057 0.224 76 6.5 53.3
   17 17 8488 0.22 108 7.4 39.6
   18 18 7039 0.26 83 7.2 60.1
   19 19 7113 0.227 104 6.4 23.5
   20 20 7120 0.211 85 7.2 58.5
   21 21 7014 0.229 83 7.2 61
   22 22 8061 0.247 91 6 28.6
   23 23 7022 0.24 52 6.9 85.6
   24 24 8054 0.23 66 7.1 76.7
