
                             #ME234_2 number 268.

#02-DEC-2014 , 22:39:18 (Geneva time)

   #N AFEB pos. AFEB num. Int.cap.(pF) U(mv)20fc Gain Offset
   1 1 9632 0.241 98 6.8 37.2
   2 2 2689 0.244 84 6.8 52
   3 3 2259 0.218 83 6.9 55.1
   4 4 12159 0.23 97 7.1 44.3
   5 5 394 0.241 131 7.1 11.8
   6 6 4715 0.234 77 6.7 56.9
   7 7 9232 0.242 94 7 46.2
   8 8 382 0.25 126 6.8 9.9
   9 9 12080435 0.2426 67.34 6.39 60.38
   10 10 438 0.238 92 6.9 46.9
   11 11 2120 0.201 108 7 32.9
   12 12 7548 0.246 54 6.5 76.2
   13 13 2697 0.243 60 6.8 76.1
   14 14 2 0.236 124 6.8 12.5
   15 15 7242 0.244 66 6.8 69.7
   16 16 892 0.24 70 6.7 63
   17 17 3002 0.204 105 7.4 43.6
   18 18 738 0.281 102 6.7 32.2
   19 19 958 0.29 76 6.8 58.7
   20 20 2703 0.235 82 6.5 47
   21 21 10349 0.227 94 7.3 52.3
   22 22 12080592 0.2511 96.57 7.38 51.08
   23 23 7270 0.232 84 6.7 50.7
   24 24 1063 0.234 102 6.9 35.1
