
                               #ME1_2 number 59.

#02-DEC-2014 , 22:14:50 (Geneva time)

   #N AFEB pos. AFEB num. Int.cap.(pF) U(mv)20fc Gain Offset
   1 1 6654 0.223 88 5.9 31
   2 2 5156 0.23 93 6.7 40.1
   3 3 6576 0.266 72 6.7 62.8
   4 4 6309 0.231 83 7 56.8
   5 5 6036 0.216 63 6.9 75.2
   6 6 6657 0.253 76 7.1 65.6
   7 7 7253 0.208 79 7.7 74.2
   8 8 4580 0.264 70 6.7 62.7
   9 9 7199 0.237 75 6.9 62.1
   10 10 4314 0.273 92 6.6 40.2
   11 11 4666 0.25 72 7 67.3
   12 12 9396 0.25 68 7 71
   13 13 7618 0.238 62 7.1 78.9
   14 14 7628 0.251 82 6.9 55.6
   15 15 1970 0.233 93 7.4 54.8
   16 16 4703 0.25 85 6.7 49.3
   17 17 4634 0.248 71 7.1 70.5
   18 18 5919 0.26 84 7.3 61.7
   19 19 4537 0.254 70 7.1 71.1
   20 20 7246 0.223 106 6.6 26.3
   21 21 4292 0.255 63 7.3 82.1
   22 22 7260 0.229 72 6.8 64.7
   23 23 4548 0.237 72 7 68.1
   24 24 7379 0.231 72 6.5 57
