
                              #ME234_2 number 38.

#02-DEC-2014 , 22:15:14 (Geneva time)

   #N AFEB pos. AFEB num. Int.cap.(pF) U(mv)20fc Gain Offset
   1 1 2282 0.218 93 7 46.4
   2 2 2414 0.223 105 7.1 36.9
   3 3 3478 0.237 93 6.9 45.2
   4 4 2385 0.211 83 7.1 58.9
   5 5 1178 0.231 77 6.8 58.8
   6 6 440 0.232 100 6.9 38.8
   7 7 882 0.287 115 6.5 15.9
   8 8 2316 0.227 63 7 77.5
   9 9 135 0.268 90 6.7 44.8
   10 10 1337 0.221 85 6.8 51.3
   11 11 2438 0.224 91 6.6 42.2
   12 12 385 0.24 83 7.1 58.2
   13 13 2329 0.241 76 7 64.1
   14 14 1142 0.233 114 7 25.6
   15 15 2531 0.243 86 7.2 58.7
   16 16 2490 0.231 72 6.9 65.8
   17 17 2818 0.211 68 6.9 69.8
   18 18 1128 0.226 69 7.1 72.9
   19 19 3194 0.238 66 7.3 78.9
   20 20 1789 0.237 91 7 49.1
   21 21 2466 0.203 101 7.1 39.5
   22 22 2381 0.239 81 6.9 57.3
   23 23 2410 0.24 86 6.9 51.6
   24 24 2342 0.231 55 7.2 89.4
