
                             #ME234_2 number 233.

#02-DEC-2014 , 22:39:21 (Geneva time)

   #N AFEB pos. AFEB num. Int.cap.(pF) U(mv)20fc Gain Offset
   1 1 12080224 0.2407 74.12 6.45 54.85
   2 2 6473 0.311 84 6 36.6
   3 3 12080065 0.2125 73.36 6.9 64.7
   4 4 12080491 0.2055 84.66 6.93 53.85
   5 5 12080099 0.2123 102.48 6.88 35.15
   6 6 12080535 0.2323 89.58 7.42 58.81
   7 7 12080497 0.2179 80.17 7.07 61.16
   8 8 12080248 0.2097 82.32 7.03 58.29
   9 9 12080071 0.2224 58.34 7.06 82.87
   10 10 12080641 0.2179 78.49 7.06 62.66
   11 11 12080186 0.2304 53.2 7.11 89.06
   12 12 12080191 0.2261 81.45 6.43 47.09
   13 13 12080731 0.2086 81.82 6.79 53.92
   14 14 12080521 0.2184 82.39 6.97 57.03
   15 15 12080445 0.2192 88.24 7.13 54.42
   16 16 12080231 0.2037 102.7 6.89 35.03
   17 17 12080423 0.1999 113.01 6.99 26.7
   18 18 12080259 0.2559 56.54 6.38 71.09
   19 19 12080164 0.2072 74.53 6.96 64.62
   20 20 12080223 0.2501 47.98 6.59 83.8
   21 21 12080534 0.2206 88.34 6.9 49.57
   22 22 12080351 0.2153 60.02 7.08 81.68
   23 23 12080660 0.269 77.57 7.34 69.28
   24 24 12080372 0.213 77 7 63
