
                               #ME4_1 number 32.

#02-DEC-2014 , 22:15:43 (Geneva time)

   #N AFEB pos. AFEB num. Int.cap.(pF) U(mv)20fc Gain Offset
   1 1 10040 0.29 93 6.8 42.5
   2 2 11271 0.206 102 6.9 36.3
   3 3 11250 0.236 100 7 39.5
   4 4 11362 0.25 99 7.2 45.9
   5 5 11365 0.216 73 6.6 58.7
   6 6 11343 0.24 78 6.9 60.3
   7 7 11118 0.223 77 6.8 58.7
   8 8 11303 0.234 93 7.4 56.4
   9 9 11240 0.231 95 7 45
   10 10 11445 0.233 112 6.8 23.4
   11 11 11440 0.233 119 6.8 17.7
   12 12 11283 0.231 108 6.9 30.5
   13 13 11245 0.226 87 7 52.4
   14 14 11309 0.24 97 6.9 41.2
   15 15 11244 0.222 119 7.1 22.8
   16 16 11258 0.281 69 7.5 81.2
   17 17 11453 0.237 115 7.2 30.1
   18 18 11444 0.231 74 6.8 61.8
   19 19 11366 0.272 102 7.2 42.8
   20 20 10017 0.238 118 7 21.8
   21 21 11260 0.255 127 7.1 15.9
   22 22 11275 0.233 91 7 50
   23 23 11277 0.245 101 7 39.7
   24 24 11425 0.248 96 6.9 41.6
   25 25 11266 0.224 95 7.2 49.7
   26 26 11304 0.251 112 7.2 31.8
   27 27 11249 0.251 113 7.1 28.3
   28 28 11352 0.25 67 7.2 77.5
   29 29 11287 0.277 128 6.9 10.5
   30 30 11280 0.24 71 6.3 55.5
   31 31 10076 0.226 101 7.3 43.9
   32 32 11267 0.233 103 7 37.4
   33 33 11374 0.223 109 7.5 40.3
   34 34 11285 0.223 97 7.6 54.3
   35 35 10044 0.243 102 6.5 27.7
   36 36 11443 0.213 111 6.9 27
