
                               #ME1_2 number 61.

#02-DEC-2014 , 22:14:50 (Geneva time)

   #N AFEB pos. AFEB num. Int.cap.(pF) U(mv)20fc Gain Offset
   1 1 6226 0.235 53 6.9 85.2
   2 2 6192 0.229 74 7 65.5
   3 3 6027 0.225 57 6.3 70.1
   4 4 6167 0.284 70 7.2 73.5
   5 5 6241 0.227 58 7 82
   6 6 6265 0.247 48 6.6 83
   7 7 6972 0.274 79 7.1 62.5
   8 8 1511 0.239 81 7.3 65.9
   9 9 5942 0.235 76 6.4 52.4
   10 10 5084 0.246 84 6.8 51.2
   11 11 7699 0.223 87 6.6 45.1
   12 12 7674 0.246 88 6.9 49.7
   13 13 6998 0.244 74 6 45.6
   14 14 7813 0.268 93 6.7 40.6
   15 15 6917 0.236 75 7.1 67.3
   16 16 5902 0.261 69 6.8 67.2
   17 17 7687 0.223 62 6.9 75.8
   18 18 1430 0.22 102 7.3 43.8
   19 19 5476 0.244 116 6.6 16.9
   20 20 7666 0.233 75 7 65.4
   21 21 7835 0.26 81 6.9 56.3
   22 22 7733 0.212 81 6.8 54.6
   23 23 7735 0.225 88 6.8 48.1
   24 24 5904 0.22 111 6.8 24.5
