
                               #ME1_2 number 7.

#02-DEC-2014 , 22:14:43 (Geneva time)

   #N AFEB pos. AFEB num. Int.cap.(pF) U(mv)20fc Gain Offset
   1 1 6094 0.236 60 7.3 85.8
   2 2 6144 0.217 83 7.4 64.4
   3 3 6715 0.25 67 6.9 70.3
   4 4 6203 0.238 54 6.9 84.4
   5 5 6267 0.235 103 6.2 20.2
   6 6 6236 0.231 78 6.9 59.6
   7 7 6845 0.214 109 6.9 28.8
   8 8 7661 0.221 75 7 65.1
   9 9 6912 0.237 84 6.6 47.4
   10 10 6923 0.249 74 6.9 65.2
   11 11 7801 0.238 95 7.1 47.9
   12 12 1425 0.227 84 6.8 51.2
   13 13 5116 0.219 106 7 34.5
   14 14 1750 0.215 80 7.1 62
   15 15 5094 0.253 83 7 56.6
   16 16 6791 0.257 65 6.8 70.1
   17 17 6902 0.24 77 6.2 46.9
   18 18 1528 0.247 67 6.7 66.7
   19 19 5944 0.231 67 7 71.9
   20 20 7662 0.218 87 6.8 49
   21 21 7704 0.216 65 7.1 76.4
   22 22 5125 0.237 76 6.5 53.9
   23 23 1850 0.247 96 7.1 45.4
   24 24 7869 0.234 77 7.3 68.4
