
                              #ME234_2 number 50.

#02-DEC-2014 , 22:15:15 (Geneva time)

   #N AFEB pos. AFEB num. Int.cap.(pF) U(mv)20fc Gain Offset
   1 1 391 0.282 80 6.4 48.6
   2 2 2362 0.236 115 7 24.3
   3 3 2954 0.22 100 6.7 33.3
   4 4 3046 0.243 104 6.6 28.3
   5 5 3284 0.23 108 6.6 23
   6 6 3259 0.239 114 6.8 21.7
   7 7 2865 0.243 111 6.9 27.7
   8 8 2375 0.25 94 6.7 40.5
   9 9 3339 0.232 152 7.3 -5.6
   10 10 3070 0.218 131 7.1 11.5
   11 11 3066 0.239 129 7 10.2
   12 12 2933 0.244 115 6.8 21.3
   13 13 3198 0.212 133 7.1 9.7
   14 14 2302 0.223 97 7 43.9
   15 15 2366 0.256 91 6.9 47.5
   16 16 3464 0.261 103 6.6 27.5
   17 17 1566 0.226 124 7.6 27.6
   18 18 3482 0.233 122 6.6 8.9
   19 19 3608 0.239 116 6.6 15.5
   20 20 1650 0.241 116 6.8 19.5
   21 21 3624 0.245 110 6.6 22.4
   22 22 2312 0.224 80 6.4 47.6
   23 23 1641 0.218 82 6.3 44.1
   24 24 2888 0.246 117 6.8 18.8
