
                             #ME234_2 number 212.

#02-DEC-2014 , 22:39:12 (Geneva time)

   #N AFEB pos. AFEB num. Int.cap.(pF) U(mv)20fc Gain Offset
   1 1 4078 0.243 101 6.4 27.5
   2 2 8770 0.244 67 6.7 65.7
   3 3 8268 0.227 97 6.4 31.7
   4 4 8270 0.217 75 7.3 70.6
   5 5 9154 0.233 113 6.7 21.7
   6 6 8745 0.217 81 7 58.8
   7 7 8207 0.244 88 6.9 50.6
   8 8 8185 0.248 81 6.9 56.8
   9 9 8138 0.237 72 7.3 74.6
   10 10 8795 0.244 57 7.1 85.4
   11 11 8201 0.231 62 7.6 90.4
   12 12 8256 0.204 70 7.2 73.1
   13 13 10918 0.233 125 6.9 12.4
   14 14 8186 0.22 53 7.1 89.7
   15 15 9074 0.227 111 7.1 32
   16 16 8680 0.247 81 7.1 60.3
   17 17 8400 0.263 58 6.8 76.8
   18 18 8228 0.217 85 6.9 52.9
   19 19 8245 0.215 80 6.5 50.6
   20 20 8230 0.255 78 6.6 53.1
   21 21 8341 0.236 68 6.4 59
   22 22 4354 0.245 58 6.5 72.4
   23 23 4151 0.252 92 6.8 43.4
   24 24 9221 0.216 75 7.5 74.5
