# Mapping between hardware and software for CSC chambers
# -1 means no (or missing) information
# =========================================================================
#   endcap  station ring  chamber     vme    dmb     tmb    sector   cscid
# =========================================================================
#ME+1/1
       1       1       1       1       1       2      -1       1       2
       1       1       1       2       1       3      -1       1       3
       1       1       1       3       2       1      -1       2       1
       1       1       1       4       2       2      -1       2       2
       1       1       1       5       2       3      -1       2       3
       1       1       1       6       3       1      -1       3       1
       1       1       1       7       3       2      -1       3       2
       1       1       1       8       3       3      -1       3       3
       1       1       1       9       4       1      -1       4       1
       1       1       1      10       4       2      -1       4       2
       1       1       1      11       4       3      -1       4       3
       1       1       1      12       5       1      -1       5       1
       1       1       1      13       5       2      -1       5       2
       1       1       1      14       5       3      -1       5       3
       1       1       1      15       6       1      -1       6       1
       1       1       1      16       6       2      -1       6       2
       1       1       1      17       6       3      -1       6       3
       1       1       1      18       7       1      -1       7       1
       1       1       1      19       7       2      -1       7       2
       1       1       1      20       7       3      -1       7       3
       1       1       1      21       8       1      -1       8       1
       1       1       1      22       8       2      -1       8       2
       1       1       1      23       8       3      -1       8       3
       1       1       1      24       9       1      -1       9       1
       1       1       1      25       9       2      -1       9       2
       1       1       1      26       9       3      -1       9       3
       1       1       1      27      10       1      -1      10       1
       1       1       1      28      10       2      -1      10       2
       1       1       1      29      10       3      -1      10       3
       1       1       1      30      11       1      -1      11       1
       1       1       1      31      11       2      -1      11       2
       1       1       1      32      11       3      -1      11       3
       1       1       1      33      12       1      -1      12       1
       1       1       1      34      12       2      -1      12       2
       1       1       1      35      12       3      -1      12       3
       1       1       1      36       1       1      -1       1       1
# =========================================================================
#ME+1/2
       1       1       2       1       1       5      -1       1       5
       1       1       2       2       1       7      -1       1       6
       1       1       2       3       2       4      -1       2       4
       1       1       2       4       2       5      -1       2       5
       1       1       2       5       2       7      -1       2       6
       1       1       2       6       3       4      -1       3       4
       1       1       2       7       3       5      -1       3       5
       1       1       2       8       3       7      -1       3       6
       1       1       2       9       4       4      -1       4       4
       1       1       2      10       4       5      -1       4       5
       1       1       2      11       4       7      -1       4       6
       1       1       2      12       5       4      -1       5       4
       1       1       2      13       5       5      -1       5       5
       1       1       2      14       5       7      -1       5       6
       1       1       2      15       6       4      -1       6       4
       1       1       2      16       6       5      -1       6       5
       1       1       2      17       6       7      -1       6       6
       1       1       2      18       7       4      -1       7       4
       1       1       2      19       7       5      -1       7       5
       1       1       2      20       7       7      -1       7       6
       1       1       2      21       8       4      -1       8       4
       1       1       2      22       8       5      -1       8       5
       1       1       2      23       8       7      -1       8       6
       1       1       2      24       9       4      -1       9       4
       1       1       2      25       9       5      -1       9       5
       1       1       2      26       9       7      -1       9       6
       1       1       2      27      10       4      -1      10       4
       1       1       2      28      10       5      -1      10       5
       1       1       2      29      10       7      -1      10       6
       1       1       2      30      11       4      -1      11       4
       1       1       2      31      11       5      -1      11       5
       1       1       2      32      11       7      -1      11       6
       1       1       2      33      12       4      -1      12       4
       1       1       2      34      12       5      -1      12       5
       1       1       2      35      12       7      -1      12       6
       1       1       2      36       1       4      -1       1       4
# =========================================================================
#ME+1/3
       1       1       3       1       1       9      -1       1       8
       1       1       3       2       1      10      -1       1       9
       1       1       3       3       2       8      -1       2       7
       1       1       3       4       2       9      -1       2       8
       1       1       3       5       2      10      -1       2       9
       1       1       3       6       3       8      -1       3       7
       1       1       3       7       3       9      -1       3       8
       1       1       3       8       3      10      -1       3       9
       1       1       3       9       4       8      -1       4       7
       1       1       3      10       4       9      -1       4       8
       1       1       3      11       4      10      -1       4       9
       1       1       3      12       5       8      -1       5       7
       1       1       3      13       5       9      -1       5       8
       1       1       3      14       5      10      -1       5       9
       1       1       3      15       6       8      -1       6       7
       1       1       3      16       6       9      -1       6       8
       1       1       3      17       6      10      -1       6       9
       1       1       3      18       7       8      -1       7       7
       1       1       3      19       7       9      -1       7       8
       1       1       3      20       7      10      -1       7       9
       1       1       3      21       8       8      -1       8       7
       1       1       3      22       8       9      -1       8       8
       1       1       3      23       8      10      -1       8       9
       1       1       3      24       9       8      -1       9       7
       1       1       3      25       9       9      -1       9       8
       1       1       3      26       9      10      -1       9       9
       1       1       3      27      10       8      -1      10       7
       1       1       3      28      10       9      -1      10       8
       1       1       3      29      10      10      -1      10       9
       1       1       3      30      11       8      -1      11       7
       1       1       3      31      11       9      -1      11       8
       1       1       3      32      11      10      -1      11       9
       1       1       3      33      12       8      -1      12       7
       1       1       3      34      12       9      -1      12       8
       1       1       3      35      12      10      -1      12       9
       1       1       3      36       1       8      -1       1       7
# =========================================================================
#ME+2/1
       1       2       1       1      18       3      -1       6       3
       1       2       1       2      13       1      -1       1       1
       1       2       1       3      13       2      -1       1       2
       1       2       1       4      13       3      -1       1       3
       1       2       1       5      14       1      -1       2       1
       1       2       1       6      14       2      -1       2       2
       1       2       1       7      14       3      -1       2       3
       1       2       1       8      15       1      -1       3       1
       1       2       1       9      15       2      -1       3       2
       1       2       1      10      15       3      -1       3       3
       1       2       1      11      16       1      -1       4       1
       1       2       1      12      16       2      -1       4       2
       1       2       1      13      16       3      -1       4       3
       1       2       1      14      17       1      -1       5       1
       1       2       1      15      17       2      -1       5       2
       1       2       1      16      17       3      -1       5       3
       1       2       1      17      18       1      -1       6       1
       1       2       1      18      18       2      -1       6       2
# =========================================================================
#ME+2/2
       1       2       2       1      18       9      -1       6       8
       1       2       2       2      18      10      -1       6       9
       1       2       2       3      13       4      -1       1       4
       1       2       2       4      13       5      -1       1       5
       1       2       2       5      13       7      -1       1       6
       1       2       2       6      13       8      -1       1       7
       1       2       2       7      13       9      -1       1       8
       1       2       2       8      13      10      -1       1       9
       1       2       2       9      14       4      -1       2       4
       1       2       2      10      14       5      -1       2       5
       1       2       2      11      14       7      -1       2       6
       1       2       2      12      14       8      -1       2       7
       1       2       2      13      14       9      -1       2       8
       1       2       2      14      14      10      -1       2       9
       1       2       2      15      15       4      -1       3       4
       1       2       2      16      15       5      -1       3       5
       1       2       2      17      15       7      -1       3       6
       1       2       2      18      15       8      -1       3       7
       1       2       2      19      15       9      -1       3       8
       1       2       2      20      15      10      -1       3       9
       1       2       2      21      16       4      -1       4       4
       1       2       2      22      16       5      -1       4       5
       1       2       2      23      16       7      -1       4       6
       1       2       2      24      16       8      -1       4       7
       1       2       2      25      16       9      -1       4       8
       1       2       2      26      16      10      -1       4       9
       1       2       2      27      17       4      -1       5       4
       1       2       2      28      17       5      -1       5       5
       1       2       2      29      17       7      -1       5       6
       1       2       2      30      17       8      -1       5       7
       1       2       2      31      17       9      -1       5       8
       1       2       2      32      17      10      -1       5       9
       1       2       2      33      18       4      -1       6       4
       1       2       2      34      18       5      -1       6       5
       1       2       2      35      18       7      -1       6       6
       1       2       2      36      18       8      -1       6       7
# =========================================================================
#ME+3/1
       1       3       1       1      24       3      -1       6       3
       1       3       1       2      19       1      -1       1       1
       1       3       1       3      19       2      -1       1       2
       1       3       1       4      19       3      -1       1       3
       1       3       1       5      20       1      -1       2       1
       1       3       1       6      20       2      -1       2       2
       1       3       1       7      20       3      -1       2       3
       1       3       1       8      21       1      -1       3       1
       1       3       1       9      21       2      -1       3       2
       1       3       1      10      21       3      -1       3       3
       1       3       1      11      22       1      -1       4       1
       1       3       1      12      22       2      -1       4       2
       1       3       1      13      22       3      -1       4       3
       1       3       1      14      23       1      -1       5       1
       1       3       1      15      23       2      -1       5       2
       1       3       1      16      23       3      -1       5       3
       1       3       1      17      24       1      -1       6       1
       1       3       1      18      24       2      -1       6       2
# =========================================================================
#ME+3/2
       1       3       2       1      24       9      -1       6       8
       1       3       2       2      24      10      -1       6       9
       1       3       2       3      19       4      -1       1       4
       1       3       2       4      19       5      -1       1       5
       1       3       2       5      19       7      -1       1       6
       1       3       2       6      19       8      -1       1       7
       1       3       2       7      19       9      -1       1       8
       1       3       2       8      19      10      -1       1       9
       1       3       2       9      20       4      -1       2       4
       1       3       2      10      20       5      -1       2       5
       1       3       2      11      20       7      -1       2       6
       1       3       2      12      20       8      -1       2       7
       1       3       2      13      20       9      -1       2       8
       1       3       2      14      20      10      -1       2       9
       1       3       2      15      21       4      -1       3       4
       1       3       2      16      21       5      -1       3       5
       1       3       2      17      21       7      -1       3       6
       1       3       2      18      21       8      -1       3       7
       1       3       2      19      21       9      -1       3       8
       1       3       2      20      21      10      -1       3       9
       1       3       2      21      22       4      -1       4       4
       1       3       2      22      22       5      -1       4       5
       1       3       2      23      22       7      -1       4       6
       1       3       2      24      22       8      -1       4       7
       1       3       2      25      22       9      -1       4       8
       1       3       2      26      22      10      -1       4       9
       1       3       2      27      23       4      -1       5       4
       1       3       2      28      23       5      -1       5       5
       1       3       2      29      23       7      -1       5       6
       1       3       2      30      23       8      -1       5       7
       1       3       2      31      23       9      -1       5       8
       1       3       2      32      23      10      -1       5       9
       1       3       2      33      24       4      -1       6       4
       1       3       2      34      24       5      -1       6       5
       1       3       2      35      24       7      -1       6       6
       1       3       2      36      24       8      -1       6       7
# =========================================================================
#ME+4/1
       1       4       1       1      30       3      -1       6       3
       1       4       1       2      25       1      -1       1       1
       1       4       1       3      25       2      -1       1       2
       1       4       1       4      25       3      -1       1       3
       1       4       1       5      26       1      -1       2       1
       1       4       1       6      26       2      -1       2       2
       1       4       1       7      26       3      -1       2       3
       1       4       1       8      27       1      -1       3       1
       1       4       1       9      27       2      -1       3       2
       1       4       1      10      27       3      -1       3       3
       1       4       1      11      28       1      -1       4       1
       1       4       1      12      28       2      -1       4       2
       1       4       1      13      28       3      -1       4       3
       1       4       1      14      29       1      -1       5       1
       1       4       1      15      29       2      -1       5       2
       1       4       1      16      29       3      -1       5       3
       1       4       1      17      30       1      -1       6       1
       1       4       1      18      30       2      -1       6       2
# =========================================================================
#ME+4/2
       1       4       2       1      30       9      -1       6       8
       1       4       2       2      30      10      -1       6       9
       1       4       2       3      25       4      -1       1       4
       1       4       2       4      25       5      -1       1       5
       1       4       2       5      25       7      -1       1       6
       1       4       2       6      25       8      -1       1       7
       1       4       2       7      25       9      -1       1       8
       1       4       2       8      25      10      -1       1       9
       1       4       2       9      26       4      -1       2       4
       1       4       2      10      26       5      -1       2       5
       1       4       2      11      26       7      -1       2       6
       1       4       2      12      26       8      -1       2       7
       1       4       2      13      26       9      -1       2       8
       1       4       2      14      26      10      -1       2       9
       1       4       2      15      27       4      -1       3       4
       1       4       2      16      27       5      -1       3       5
       1       4       2      17      27       7      -1       3       6
       1       4       2      18      27       8      -1       3       7
       1       4       2      19      27       9      -1       3       8
       1       4       2      20      27      10      -1       3       9
       1       4       2      21      28       4      -1       4       4
       1       4       2      22      28       5      -1       4       5
       1       4       2      23      28       7      -1       4       6
       1       4       2      24      28       8      -1       4       7
       1       4       2      25      28       9      -1       4       8
       1       4       2      26      28      10      -1       4       9
       1       4       2      27      29       4      -1       5       4
       1       4       2      28      29       5      -1       5       5
       1       4       2      29      29       7      -1       5       6
       1       4       2      30      29       8      -1       5       7
       1       4       2      31      29       9      -1       5       8
       1       4       2      32      29      10      -1       5       9
       1       4       2      33      30       4      -1       6       4
       1       4       2      34      30       5      -1       6       5
       1       4       2      35      30       7      -1       6       6
       1       4       2      36      30       8      -1       6       7
# =========================================================================
#ME-1/1
       2       1       1       1      31       2      -1       1       2
       2       1       1       2      31       3      -1       1       3
       2       1       1       3      32       1      -1       2       1
       2       1       1       4      32       2      -1       2       2
       2       1       1       5      32       3      -1       2       3
       2       1       1       6      33       1      -1       3       1
       2       1       1       7      33       2      -1       3       2
       2       1       1       8      33       3      -1       3       3
       2       1       1       9      34       1      -1       4       1
       2       1       1      10      34       2      -1       4       2
       2       1       1      11      34       3      -1       4       3
       2       1       1      12      35       1      -1       5       1
       2       1       1      13      35       2      -1       5       2
       2       1       1      14      35       3      -1       5       3
       2       1       1      15      36       1      -1       6       1
       2       1       1      16      36       2      -1       6       2
       2       1       1      17      36       3      -1       6       3
       2       1       1      18      37       1      -1       7       1
       2       1       1      19      37       2      -1       7       2
       2       1       1      20      37       3      -1       7       3
       2       1       1      21      38       1      -1       8       1
       2       1       1      22      38       2      -1       8       2
       2       1       1      23      38       3      -1       8       3
       2       1       1      24      39       1      -1       9       1
       2       1       1      25      39       2      -1       9       2
       2       1       1      26      39       3      -1       9       3
       2       1       1      27      40       1      -1      10       1
       2       1       1      28      40       2      -1      10       2
       2       1       1      29      40       3      -1      10       3
       2       1       1      30      41       1      -1      11       1
       2       1       1      31      41       2      -1      11       2
       2       1       1      32      41       3      -1      11       3
       2       1       1      33      42       1      -1      12       1
       2       1       1      34      42       2      -1      12       2
       2       1       1      35      42       3      -1      12       3
       2       1       1      36      31       1      -1       1       1
# =========================================================================
#ME-1/2
       2       1       2       1      31       5      -1       1       5
       2       1       2       2      31       7      -1       1       6
       2       1       2       3      32       4      -1       2       4
       2       1       2       4      32       5      -1       2       5
       2       1       2       5      32       7      -1       2       6
       2       1       2       6      33       4      -1       3       4
       2       1       2       7      33       5      -1       3       5
       2       1       2       8      33       7      -1       3       6
       2       1       2       9      34       4      -1       4       4
       2       1       2      10      34       5      -1       4       5
       2       1       2      11      34       7      -1       4       6
       2       1       2      12      35       4      -1       5       4
       2       1       2      13      35       5      -1       5       5
       2       1       2      14      35       7      -1       5       6
       2       1       2      15      36       4      -1       6       4
       2       1       2      16      36       5      -1       6       5
       2       1       2      17      36       7      -1       6       6
       2       1       2      18      37       4      -1       7       4
       2       1       2      19      37       5      -1       7       5
       2       1       2      20      37       7      -1       7       6
       2       1       2      21      38       4      -1       8       4
       2       1       2      22      38       5      -1       8       5
       2       1       2      23      38       7      -1       8       6
       2       1       2      24      39       4      -1       9       4
       2       1       2      25      39       5      -1       9       5
       2       1       2      26      39       7      -1       9       6
       2       1       2      27      40       4      -1      10       4
       2       1       2      28      40       5      -1      10       5
       2       1       2      29      40       7      -1      10       6
       2       1       2      30      41       4      -1      11       4
       2       1       2      31      41       5      -1      11       5
       2       1       2      32      41       7      -1      11       6
       2       1       2      33      42       4      -1      12       4
       2       1       2      34      42       5      -1      12       5
       2       1       2      35      42       7      -1      12       6
       2       1       2      36      31       4      -1       1       4
# =========================================================================
#ME-1/3
       2       1       3       1      31       9      -1       1       8
       2       1       3       2      31      10      -1       1       9
       2       1       3       3      32       8      -1       2       7
       2       1       3       4      32       9      -1       2       8
       2       1       3       5      32      10      -1       2       9
       2       1       3       6      33       8      -1       3       7
       2       1       3       7      33       9      -1       3       8
       2       1       3       8      33      10      -1       3       9
       2       1       3       9      34       8      -1       4       7
       2       1       3      10      34       9      -1       4       8
       2       1       3      11      34      10      -1       4       9
       2       1       3      12      35       8      -1       5       7
       2       1       3      13      35       9      -1       5       8
       2       1       3      14      35      10      -1       5       9
       2       1       3      15      36       8      -1       6       7
       2       1       3      16      36       9      -1       6       8
       2       1       3      17      36      10      -1       6       9
       2       1       3      18      37       8      -1       7       7
       2       1       3      19      37       9      -1       7       8
       2       1       3      20      37      10      -1       7       9
       2       1       3      21      38       8      -1       8       7
       2       1       3      22      38       9      -1       8       8
       2       1       3      23      38      10      -1       8       9
       2       1       3      24      39       8      -1       9       7
       2       1       3      25      39       9      -1       9       8
       2       1       3      26      39      10      -1       9       9
       2       1       3      27      40       8      -1      10       7
       2       1       3      28      40       9      -1      10       8
       2       1       3      29      40      10      -1      10       9
       2       1       3      30      41       8      -1      11       7
       2       1       3      31      41       9      -1      11       8
       2       1       3      32      41      10      -1      11       9
       2       1       3      33      42       8      -1      12       7
       2       1       3      34      42       9      -1      12       8
       2       1       3      35      42      10      -1      12       9
       2       1       3      36      31       8      -1       1       7
# =========================================================================
#ME-2/1
       2       2       1       1      48       3      -1       6       3
       2       2       1       2      43       1      -1       1       1
       2       2       1       3      43       2      -1       1       2
       2       2       1       4      43       3      -1       1       3
       2       2       1       5      44       1      -1       2       1
       2       2       1       6      44       2      -1       2       2
       2       2       1       7      44       3      -1       2       3
       2       2       1       8      45       1      -1       3       1
       2       2       1       9      45       2      -1       3       2
       2       2       1      10      45       3      -1       3       3
       2       2       1      11      46       1      -1       4       1
       2       2       1      12      46       2      -1       4       2
       2       2       1      13      46       3      -1       4       3
       2       2       1      14      47       1      -1       5       1
       2       2       1      15      47       2      -1       5       2
       2       2       1      16      47       3      -1       5       3
       2       2       1      17      48       1      -1       6       1
       2       2       1      18      48       2      -1       6       2
# =========================================================================
#ME-2/2
       2       2       2       1      48       9      -1       6       8
       2       2       2       2      48      10      -1       6       9
       2       2       2       3      43       4      -1       1       4
       2       2       2       4      43       5      -1       1       5
       2       2       2       5      43       7      -1       1       6
       2       2       2       6      43       8      -1       1       7
       2       2       2       7      43       9      -1       1       8
       2       2       2       8      43      10      -1       1       9
       2       2       2       9      44       4      -1       2       4
       2       2       2      10      44       5      -1       2       5
       2       2       2      11      44       7      -1       2       6
       2       2       2      12      44       8      -1       2       7
       2       2       2      13      44       9      -1       2       8
       2       2       2      14      44      10      -1       2       9
       2       2       2      15      45       4      -1       3       4
       2       2       2      16      45       5      -1       3       5
       2       2       2      17      45       7      -1       3       6
       2       2       2      18      45       8      -1       3       7
       2       2       2      19      45       9      -1       3       8
       2       2       2      20      45      10      -1       3       9
       2       2       2      21      46       4      -1       4       4
       2       2       2      22      46       5      -1       4       5
       2       2       2      23      46       7      -1       4       6
       2       2       2      24      46       8      -1       4       7
       2       2       2      25      46       9      -1       4       8
       2       2       2      26      46      10      -1       4       9
       2       2       2      27      47       4      -1       5       4
       2       2       2      28      47       5      -1       5       5
       2       2       2      29      47       7      -1       5       6
       2       2       2      30      47       8      -1       5       7
       2       2       2      31      47       9      -1       5       8
       2       2       2      32      47      10      -1       5       9
       2       2       2      33      48       4      -1       6       4
       2       2       2      34      48       5      -1       6       5
       2       2       2      35      48       7      -1       6       6
       2       2       2      36      48       8      -1       6       7
# =========================================================================
#ME-3/1
       2       3       1       1      54       3      -1       6       3
       2       3       1       2      49       1      -1       1       1
       2       3       1       3      49       2      -1       1       2
       2       3       1       4      49       3      -1       1       3
       2       3       1       5      50       1      -1       2       1
       2       3       1       6      50       2      -1       2       2
       2       3       1       7      50       3      -1       2       3
       2       3       1       8      51       1      -1       3       1
       2       3       1       9      51       2      -1       3       2
       2       3       1      10      51       3      -1       3       3
       2       3       1      11      52       1      -1       4       1
       2       3       1      12      52       2      -1       4       2
       2       3       1      13      52       3      -1       4       3
       2       3       1      14      53       1      -1       5       1
       2       3       1      15      53       2      -1       5       2
       2       3       1      16      53       3      -1       5       3
       2       3       1      17      54       1      -1       6       1
       2       3       1      18      54       2      -1       6       2
# =========================================================================
#ME-3/2
       2       3       2       1      54       9      -1       6       8
       2       3       2       2      54      10      -1       6       9
       2       3       2       3      49       4      -1       1       4
       2       3       2       4      49       5      -1       1       5
       2       3       2       5      49       7      -1       1       6
       2       3       2       6      49       8      -1       1       7
       2       3       2       7      49       9      -1       1       8
       2       3       2       8      49      10      -1       1       9
       2       3       2       9      50       4      -1       2       4
       2       3       2      10      50       5      -1       2       5
       2       3       2      11      50       7      -1       2       6
       2       3       2      12      50       8      -1       2       7
       2       3       2      13      50       9      -1       2       8
       2       3       2      14      50      10      -1       2       9
       2       3       2      15      51       4      -1       3       4
       2       3       2      16      51       5      -1       3       5
       2       3       2      17      51       7      -1       3       6
       2       3       2      18      51       8      -1       3       7
       2       3       2      19      51       9      -1       3       8
       2       3       2      20      51      10      -1       3       9
       2       3       2      21      52       4      -1       4       4
       2       3       2      22      52       5      -1       4       5
       2       3       2      23      52       7      -1       4       6
       2       3       2      24      52       8      -1       4       7
       2       3       2      25      52       9      -1       4       8
       2       3       2      26      52      10      -1       4       9
       2       3       2      27      53       4      -1       5       4
       2       3       2      28      53       5      -1       5       5
       2       3       2      29      53       7      -1       5       6
       2       3       2      30      53       8      -1       5       7
       2       3       2      31      53       9      -1       5       8
       2       3       2      32      53      10      -1       5       9
       2       3       2      33      54       4      -1       6       4
       2       3       2      34      54       5      -1       6       5
       2       3       2      35      54       7      -1       6       6
       2       3       2      36      54       8      -1       6       7
# =========================================================================
#ME-4/1
       2       4       1       1      60       3      -1       6       3
       2       4       1       2      55       1      -1       1       1
       2       4       1       3      55       2      -1       1       2
       2       4       1       4      55       3      -1       1       3
       2       4       1       5      56       1      -1       2       1
       2       4       1       6      56       2      -1       2       2
       2       4       1       7      56       3      -1       2       3
       2       4       1       8      57       1      -1       3       1
       2       4       1       9      57       2      -1       3       2
       2       4       1      10      57       3      -1       3       3
       2       4       1      11      58       1      -1       4       1
       2       4       1      12      58       2      -1       4       2
       2       4       1      13      58       3      -1       4       3
       2       4       1      14      59       1      -1       5       1
       2       4       1      15      59       2      -1       5       2
       2       4       1      16      59       3      -1       5       3
       2       4       1      17      60       1      -1       6       1
       2       4       1      18      60       2      -1       6       2
# =========================================================================
#ME-4/2
       2       4       2       1      60       9      -1       6       8
       2       4       2       2      60      10      -1       6       9
       2       4       2       3      55       4      -1       1       4
       2       4       2       4      55       5      -1       1       5
       2       4       2       5      55       7      -1       1       6
       2       4       2       6      55       8      -1       1       7
       2       4       2       7      55       9      -1       1       8
       2       4       2       8      55      10      -1       1       9
       2       4       2       9      56       4      -1       2       4
       2       4       2      10      56       5      -1       2       5
       2       4       2      11      56       7      -1       2       6
       2       4       2      12      56       8      -1       2       7
       2       4       2      13      56       9      -1       2       8
       2       4       2      14      56      10      -1       2       9
       2       4       2      15      57       4      -1       3       4
       2       4       2      16      57       5      -1       3       5
       2       4       2      17      57       7      -1       3       6
       2       4       2      18      57       8      -1       3       7
       2       4       2      19      57       9      -1       3       8
       2       4       2      20      57      10      -1       3       9
       2       4       2      21      58       4      -1       4       4
       2       4       2      22      58       5      -1       4       5
       2       4       2      23      58       7      -1       4       6
       2       4       2      24      58       8      -1       4       7
       2       4       2      25      58       9      -1       4       8
       2       4       2      26      58      10      -1       4       9
       2       4       2      27      59       4      -1       5       4
       2       4       2      28      59       5      -1       5       5
       2       4       2      29      59       7      -1       5       6
       2       4       2      30      59       8      -1       5       7
       2       4       2      31      59       9      -1       5       8
       2       4       2      32      59      10      -1       5       9
       2       4       2      33      60       4      -1       6       4
       2       4       2      34      60       5      -1       6       5
       2       4       2      35      60       7      -1       6       6
       2       4       2      36      60       8      -1       6       7
# =========================================================================
